23
4
2
3
3
1
1
2
3
2
2
2
1
2
1
1
1
1
10
2
1
1
2
1
9
1
2
2
1
2
1
1
1
4
2
1
1
2
2
1
2
2
1
1
1
1
1
1
1
1
3
1
1
1
2
9
6
12
7
7
68
46
11
18
27
9
11
13
15
18
24
18
7
16
30
48
6
7
54
44
12
23
13
10
11
18
26
15
13
16
7
26
31
62
13
6
6
10
20
122
96
28
12
10
10
11
11
19
18
14
13
8
19
31
67
34
12
68
36
25
12
9
11
6
13
15
19
17
13
6
23
25
57
2
2
2
2
12
2
2
2
2
4
2
2
2
1
2
2
1
65
106
82
69
74
135
61
69
100
90
87
154
136
179
134
131
199
56
55
43
47
52
74
60
64
91
114
83
115
126
191
118
149
187
59
45
38
46
56
76
47
70
101
82
90
108
128
186
112
129
180
2
1
1
1
1
2
2
1
2
1
1
5
1
1
1
1
2
60
43
46
37
52
80
63
60
94
86
110
125
138
165
133
142
186
2
1
2
1
1
2
1
2
2
2
5
2
2
1
1
1
1
7
5
6
6
5
9
2
3
5
44
6
45
39
15
10
11
8
6
20
27
19
5
21
9
23
25
55
43
66
36
44
71
55
56
81
101
84
121
223
169
133
131
132
174
11
5
3
40
3
41
35
19
8
11
6
13
18
14
22
7
28
20
11
28
54
71
48
37
49
66
52
68
74
90
102
119
113
183
137
131
145
160
8
3
5
43
3
48
48
15
10
11
8
6
37
19
19
5
21
9
22
25
57
44
47
35
52
72
53
56
81
106
95
113
102
174
131
131
132
161
8
25
12
51
36
25
11
9
11
6
12
14
17
16
13
6
24
22
55
41
52
44
44
52
83
80
64
91
97
82
123
117
220
109
130
168
13
6
4
52
6
41
34
18
10
11
6
10
20
14
18
10
19
13
21
50
56
47
48
36
48
74
64
79
76
89
108
117
99
188
126
135
137
158
8
7
7
8
2
3
11
36
44
15
13
15
8
18
17
19
23
19
23
9
22
55
74
83
65
73
68
111
97
62
68
91
97
87
113
153
186
134
119
176
9
4
10
3
39
5
48
35
17
10
9
13
6
18
18
20
9
21
17
14
27
53
43
49
35
49
76
50
79
73
87
92
111
125
184
148
127
132
178
10
4
10
3
37
6
40
35
24
10
9
13
6
18
32
21
9
21
23
14
27
62
44
47
34
56
68
49
70
74
105
109
112
99
182
131
136
144
172
9
4
10
3
45
6
42
34
17
10
9
13
6
35
19
21
9
31
7
13
27
53
51
47
34
49
75
51
115
75
89
90
126
101
183
150
138
125
168
15
4
10
3
37
5
40
37
17
10
9
12
6
18
17
20
16
22
22
15
27
53
43
54
51
49
69
58
72
72
95
91
110
132
185
149
127
133
160
210
182
142
170
227
383
46
92
287
197
139
109
161
182
343
61
94
332
200
167
134
191
322
277
48
90
290
196
164
117
171
185
309
60
106
315
221
170
130
210
341
262
50
72
305
204
163
131
291
215
354
65
92
290
200
171
133
205
322
281
50
70
292
204
159
140
196
338
264
50
71
307
200
159
158
193
309
278
51
70
292
212
136
117
160
181
325
44
100
313
5
3
2
3
4
10
6
2
17
10
2
14
12
6
4
14
12
8
10
16
23
30
7
3
21
17
49
22
30
189
147
109
168
172
331
45
99
318
191
136
125
160
204
291
61
115
321
195
170
159
168
234
354
75
87
283
5
3
2
3
4
10
7
2
21
10
3
23
11
6
4
14
12
8
10
24
22
27
7
2
19
15
41
23
24
194
166
119
172
192
314
62
105
323
5
3
3
4
4
10
6
2
12
16
2
14
11
6
5
14
12
8
10
16
22
30
7
3
19
15
55
22
22
11
6
4
10
3
35
3
46
30
19
8
11
10
7
22
17
20
21
17
17
14
26
69
43
57
39
45
69
67
65
79
93
85
118
125
184
151
123
128
160
321
177
133
194
378
262
48
73
313
31
56
42
51
67
40
28
42
34
42
81
9
9
30
39
13
91
48
81
85
167
102
25
40
41
51
47
80
101
229
103
42
200
279
215
79
108
104
175
173
182
69
395
326
186
17
248
120
38
101
260
154
122
106
423
102
394
40
92
79
98
94
178
157
94
83
107
108
96
88
126
107
104
234
180
129
339
25
491
141
301
128
183
238
27
224
135
252
297
226
290
276
477
488
322
194
194
367
1061
177
33
58
52
52
61
39
29
44
35
57
65
10
9
29
29
13
93
38
91
86
158
90
25
39
32
49
49
80
102
231
126
26
187
283
222
108
94
104
165
184
173
70
491
328
204
26
227
123
38
93
302
139
110
104
415
94
304
40
83
77
109
95
194
139
82
92
108
99
105
90
133
109
102
234
178
131
329
24
467
142
203
126
175
224
27
232
140
245
282
222
288
274
461
475
296
202
190
353
902
158
34
58
43
62
62
39
27
50
36
41
63
10
23
32
30
14
101
39
82
95
151
87
33
41
33
49
48
91
91
231
103
25
232
284
219
72
93
117
177
183
174
69
385
326
176
17
248
129
38
93
270
145
125
93
423
93
310
49
85
78
97
120
174
157
95
83
117
99
96
97
119
89
109
239
172
137
310
25
485
150
191
183
168
235
26
206
129
250
291
213
308
270
467
557
289
222
186
356
971
151
4
14
7
7
11
2
3
27
18
19
43
26
13
15
7
11
13
13
17
13
16
6
14
76
52
53
39
40
42
46
94
51
75
87
86
92
102
166
201
139
117
178
169
160
107
165
167
296
57
100
316
467
485
437
48
433
166
267
17
520
25
189
560
204
404
425
536
547
449
410
92
211
395
14
324
429
89
220
176
475
445
411
427
350
391
104
44
177
50
131
363
759
493
557
486
339
1401
119
578
478
215
848
187
127
156
82
83
69
101
31
81
98
943
390
616
152
433
517
798
783
575
479
339
376
1118
630
504
617
91
19
849
321
141
1342
480
1011
87
333
1097
99
269
452
228
467
355
861
102
1216
205
452
872
490
264
540
856
794
704
899
462
1322
3881
781
923
411
62
528
299
764
130
280
1199
1261
1025
1408
1121
143
832
10
604
955
611
840
406
1135
267
45
344
1318
1056
150
917
1207
1404
1810
588
589
426
709
530
281
218
101
37
122
111
136
323
435
404
275
169
1241
1328
1532
1593
1043
675
598
482
518
323
615
698
714
630
338
421
646
60
477
627
358
331
417
746
1110
1107
594
1230
1163
932
957
476
461
482
240
347
133
736
1083
201
706
468
539
220
10
494
698
755
580
589
1267
550
188
911
228
126
500
252
4273
203
120
509
209
61
252
476
212
149
393
174
267
700
547
384
529
864
733
1134
1631
1354
1053
2017
1918
2007
1469
1223
206
1537
388
654
1797
62
437
179
291
18
399
25
206
555
234
396
449
518
556
450
418
84
206
451
15
332
417
105
218
190
457
934
645
695
544
634
165
70
324
77
230
897
1000
620
687
503
446
1617
123
580
424
240
894
223
158
182
68
75
80
105
32
75
107
1030
441
696
131
456
567
898
831
602
550
346
427
1195
680
547
676
95
21
923
336
163
1325
518
1059
95
380
1353
105
269
505
241
500
382
910
110
1291
210
491
931
486
276
587
922
886
739
963
457
1103
3152
595
662
313
45
334
204
489
82
256
1233
1295
1088
1484
1180
141
704
10
583
995
738
932
459
1267
286
47
376
1374
1049
150
970
1285
1481
1887
627
608
440
568
562
275
232
83
38
135
135
160
358
496
414
279
165
1352
1482
1734
1787
1185
797
687
566
617
404
737
838
862
944
550
668
759
63
579
710
422
371
477
868
1187
1299
692
1439
1355
1074
1128
555
573
389
243
371
142
839
1169
183
684
322
427
102
10
352
694
719
534
574
1088
570
195
881
223
114
420
295
5116
205
141
589
260
71
284
567
237
184
451
203
333
584
649
445
555
845
862
1327
1402
1326
963
1647
1609
1339
1089
888
197
1515
422
656
1811
66
590
234
347
18
422
27
212
593
263
479
467
561
643
503
473
95
277
458
32
380
473
105
257
212
616
558
490
505
423
457
146
54
198
72
169
432
895
639
678
553
400
1727
136
682
477
295
1010
238
141
195
78
86
96
135
38
87
115
1140
480
835
178
558
629
1041
1003
710
615
400
490
1365
785
664
789
113
23
1102
384
194
1561
601
1200
120
508
1357
134
274
512
251
485
392
939
109
1318
237
533
1026
527
310
618
1016
976
837
1085
551
1452
3920
663
786
383
53
376
250
567
87
322
1464
1527
1247
1709
1492
255
1289
33
739
1171
732
923
434
1199
327
47
377
1357
1039
148
969
1268
1442
1894
665
799
500
642
553
310
255
84
38
128
126
154
334
453
415
299
163
1276
1392
1582
1634
1073
695
598
644
582
362
729
1010
952
576
327
436
653
52
475
629
359
332
410
722
979
1093
608
1230
1132
992
944
571
520
358
212
512
129
911
1023
154
589
262
376
110
9
285
570
610
464
508
899
491
162
756
166
94
352
252
4046
193
104
530
214
66
282
592
240
147
448
204
292
528
545
402
463
754
738
1085
1179
1115
718
1489
1605
3318
3130
2410
590
4127
1069
1813
5000
2002
446
361
1134
42
883
671
326
781
908
1028
921
667
858
705
725
627
680
1372
13
640
429
1157
1046
1093
1073
893
890
992
930
1017
1926
359
27
1466
1204
796
506
630
1100
1383
553
538
229
255
305
250
543
7
445
346
411
935
1027
1051
859
377
575
397
648
675
663
1114
252
727
1666
1162
1076
918
136
345
568
126
189
802
485
317
1407
372
682
1410
475
1244
691
525
562
605
451
566
1196
15
738
910
1944
540
449
315
1494
6
1651
1617
1571
987
191
560
560
212
605
1262
1000
365
108
21
487
530
136
89
247
471
694
49
176
393
899
898
768
672
72
120
563
371
429
108
481
145
566
459
380
484
638
444
353
716
241
189
182
1550
600
278
248
934
337
114
184
928
948
770
155
708
116
458
49
494
223
159
152
147
217
377
359
147
358
750
260
138
681
293
233
214
1546
605
383
78
36
258
256
322
567
901
111
93
275
694
419
167
446
6919
239
954
690
430
1573
1607
1437
1366
1484
1475
1784
438
92
961
278
377
463
743
1586
349
1964
2207
2126
186
231
176
207
45
279
501
169
318
122
520
598
188
477
948
668
221
236
256
146
163
5
692
94
94
295
155
1442
149
153
162
254
192
1744
1336
1575
669
313
412
230
283
762
341
443
206
516
49
168
617
909
339
752
170
677
242
316
1888
871
1660
388
377
568
853
301
67
68
193
253
310
885
140
238
75
67
499
484
447
626
735
418
1160
78
1410
118
264
41
1010
2167
1274
1225
955
1537
1690
1694
1508
474
491
368
498
238
1771
1549
594
1016
589
800
1027
1207
67
506
3103
234
6326
6152
5336
5248
3476
2701
2393
2259
490
603
1009
488
840
1218
1815
905
684
736
149
429
205
559
108
95
593
745
1131
1152
1583
1714
1642
718
1043
139
1399
1533
1246
275
80
983
343
508
455
331
444
875
808
1848
1994
377
1801
1058
548
990
623
1314
1261
1197
536
630
372
70
2373
565
867
1292
650
1713
355
1315
2144
2284
562
854
253
1208
271
531
518
215
309
534
899
175
515
198
320
45
370
518
403
505
53
90
114
235
775
348
334
641
542
92
846
2566
4134
3597
5619
4786
5254
2138
1564
1029
1221
4426
1572
858
2273
2891
1097
1266
872
1050
998
1097
1588
1754
1635
1470
1464
1383
1438
1861
2519
2275
752
736
422
335
566
385
411
181
1142
930
313
580
531
569
766
247
155
333
670
218
600
471
1872
398
1065
1728
1688
693
646
1033
4531
5055
4800
2355
1885
251
3148
22
6852
2215
2332
2041
3356
2814
1111
1392
2439
1377
1292
571
778
2092
204
243
895
892
1020
1106
881
808
1495
818
1591
1448
129
358
438
349
1387
66
990
2111
18622
2072
1780
760
587
2329
1091
446
181
314
299
318
486
188
333
254
41
333
189
449
41
221
290
495
1286
1533
763
332
1475
1974
546
615
833
192
1666
990
755
307
350
929
630
50
149
219
937
439
760
87
720
149
12
118
311
160
131
428
365
394
437
327
653
210
235
518
1761
275
293
171
1206
127
512
490
647
226
90
730
1331
387
702
602
693
584
567
963
611
416
826
1115
694
542
659
690
958
733
996
2477
3808
320
1768
1905
2155
1855
21
343
460
2356
2808
191
633
2969
672
2723
126
494
285
856
966
246
2085
178
2178
1047
1628
2623
1786
1688
1635
2819
1600
1526
1583
1472
1694
850
2089
1085
494
37
752
585
1360
2065
1669
725
420
563
168
217
537
843
1680
917
631
1220
174
1585
1601
1477
1365
1637
3295
1234
154
1619
1859
663
2033
2524
1260
1284
3141
3536
460
1222
181
545
682
207
942
911
1093
1062
965
2660
453
205
484
737
574
1447
524
793
109
3248
681
931
1335
1438
2676
287
1053
2665
311
2160
459
1571
1147
400
438
1174
2082
1369
854
635
1326
2846
2939
2154
1110
669
294
222
320
54
1964
1491
1123
1228
1552
1457
877
1093
786
1380
5402
3266
146
5104
7775
7760
3073
3339
732
1181
740
631
1331
400
301
428
456
354
319
350
293
303
223
789
639
349
175
345
320
401
407
1061
1207
67
453
241
1691
533
821
1459
408
960
47
2463
664
1576
331
2254
449
2098
2515
2266
1924
1942
1215
1125
862
1034
1019
818
1031
1180
588
552
449
165
314
1792
1589
385
342
350
498
412
270
459
759
598
1074
761
781
913
413
1141
118
1788
1702
1979
1713
2025
1316
1104
1436
1260
1200
3016
1839
1533
685
1306
3086
3038
565
2331
157
1804
2156
2212
2876
2147
2266
2249
2121
796
890
756
288
376
1652
297
1570
1614
1381
1149
614
398
189
1330
740
433
1777
381
448
169
2415
472
811
309
723
3275
558
261
679
1621
298
150
729
162
842
983
1906
2942
2026
581
2933
1385
232
428
558
1116
143
22
683
817
1585
3009
623
1223
2026
3629
1804
1188
2119
2015
1672
618
2293
1620
2384
858
1450
108
1915
2260
885
863
3708
3792
3713
3774
3019
2597
382
2919
1254
221
1511
1361
1057
51
1670
706
517
3093
1548
1184
3117
2864
2823
2694
4568
4018
762
841
2304
1296
2144
3273
2187
711
645
2371
49
1623
2729
428
399
619
203
460
1891
801
690
756
1217
1326
1001
1293
783
795
1284
797
821
741
677
1382
373
745
860
2523
2669
3889
1208
1060
955
1864
1350
2502
744
1005
493
719
2698
982
798
848
927
816
781
2504
659
642
1292
1256
2507
538
370
72
502
556
473
1054
65
2679
316
754
87
349
495
1256
990
731
1668
1257
1412
1424
2112
1359
1318
1824
1292
1780
1208
391
574
1018
38142
2870
2468
2186
1225
1213
1990
2542
1461
2631
1301
1268
1915
982
581
697
580
505
1729
1934
2565
1244
1449
3445
3257
2081
413
1603
295
1122
693
1732
2517
1727
1276
1461
1761
3332
4785
3736
1394
1806
2787
2635
2809
2745
2325
2050
2603
321
2804
992
4196
2340
1373
1626
1661
1502
2980
1062
995
1129
1113
288
1151
3479
3340
2983
2972
1381
2578
2081
2657
447
590
728
563
653
748
271
343
188
387
373
3112
1009
1411
898
93
740
2095
1544
651
1609
1438
373
689
45
390
504
637
606
912
546
471
948
216
966
1525
2698
1813
2311
2287
2300
842
1469
459
1339
543
1030
747
1129
1701
3061
1449
1076
1519
2841
2459
1268
879
744
747
770
810
1159
1490
2078
1266
729
111
946
799
841
2834
402
1226
316
843
848
1465
356
83
1093
536
438
1125
71
287
1107
42
615
1196
738
867
384
404
303
238
255
523
2436
2494
932
1130
1220
739
492
653
1867
1996
1153
1022
1067
1652
509
33
672
522
2294
9
1998
1026
1536
1548
2142
200
1922
2191
1072
1441
1448
1266
1495
287
255
558
837
1126
1055
2281
69
1341
4026
1542
913
22
1061
1456
1045
2387
1424
702
968
823
289
979
250
1428
1967
1318
21
1053
720
395
45
1845
1712
1514
3753
3678
1697
2323
2478
3599
1720
994
631
770
754
488
196
858
1542
517
438
405
283
391
364
1182
652
508
461
73
529
1866
843
515
375
767
386
589
850
2211
2057
2561
356
1135
1567
1876
1706
1944
1708
2039
1989
2551
2348
1674
2308
2458
2506
2020
2014
838
1554
256
458
1404
1017
1816
100
1117
112
1613
1568
1796
1870
1482
1608
1622
1164
1453
1297
1374
1113
1302
1324
954
1010
1620
1409
2055
1494
1795
1056
1086
731
876
1045
923
1346
915
916
1110
992
1059
832
907
1369
831
924
388
305
1079
840
702
2765
1322
502
1951
129
32
3
131
177
189
168
192
94
143
847
443
334
444
670
131
122
112
94
146
95
100
336
908
1232
1014
462
1100
1609
129
1569
337
2048
762
914
564
1248
44
785
576
1065
926
310
750
275
1472
1233
179
518
1813
1535
979
760
905
1566
1485
1029
1510
1604
1810
2163
2023
1000
1435
1416
1852
1267
1184
756
1234
832
75
881
1115
1933
1280
1165
903
1003
1892
1558
879
1286
465
1985
1830
902
1099
580
188
163
161
167
190
287
731
20
290
755
1771
1748
1963
2182
2216
578
669
651
258
822
1748
1735
2011
1679
1138
2718
2807
400
2845
867
232
90
260
293
323
587
438
775
1326
1347
1323
1198
1274
1353
2238
712
1622
822
1191
1759
1655
1092
993
966
1453
1440
1855
335
843
419
1288
275
1500
1462
1379
1699
1248
1501
1457
1504
1737
1596
1617
1567
2136
2044
1289
1284
1136
1211
1110
1053
1301
1386
1343
1300
1680
1485
2156
1829
374
380
1079
40
1039
644
320
765
885
1019
903
628
793
695
676
606
664
1329
13
694
423
1052
989
998
1066
951
889
1028
913
983
1576
279
20
1040
831
514
364
420
667
918
532
514
243
236
297
251
519
31
1329
1100
1310
2873
3022
2985
2647
1157
1831
1218
1966
2140
2010
3439
375
1526
3034
1386
1206
932
133
316
584
118
175
786
505
298
906
233
646
1358
481
1312
677
497
558
898
441
539
1166
15
808
1012
2050
548
434
352
1377
6
1756
1880
1645
980
222
575
610
201
637
1253
1014
378
98
20
464
626
128
95
241
480
630
46
174
356
871
882
756
803
71
102
625
369
424
106
458
174
552
463
417
482
618
443
348
703
249
174
169
1530
583
235
239
931
175
105
168
908
912
771
148
762
131
434
47
502
235
182
158
233
234
361
382
154
362
730
231
168
654
308
238
211
1554
595
339
76
50
223
280
324
553
887
120
84
275
672
427
154
407
7781
252
949
695
436
1570
1592
1299
1335
1614
1464
1755
410
87
953
246
423
445
720
1570
320
1825
1971
2235
168
660
245
253
50
337
628
203
441
190
668
746
255
616
1288
1032
349
313
281
112
162
6
612
75
81
282
134
1343
141
170
139
234
190
1508
1400
1440
590
269
372
222
255
681
336
407
179
459
51
141
539
855
300
680
140
642
212
283
1707
784
1283
344
331
480
817
275
71
61
157
236
268
804
132
208
74
60
443
421
399
560
627
383
1203
78
1386
119
269
40
1017
1927
1277
1218
1050
1587
1674
1705
1548
479
474
365
501
239
1623
1559
603
1015
592
781
1345
391
14
161
1093
85
1739
1552
1678
1644
1903
1646
1583
2321
486
498
757
381
717
1069
1633
785
579
684
149
415
179
563
97
90
581
719
1323
1179
1481
1503
1644
723
1005
141
1384
1604
1236
297
70
1013
342
503
464
319
556
901
818
1279
1907
365
1808
1064
546
1006
619
1293
1641
1209
521
829
378
73
2110
558
883
1271
666
1724
378
1336
1799
2506
556
822
254
1067
234
529
500
237
309
509
895
181
518
200
346
52
369
529
372
525
62
87
99
254
788
300
381
641
544
106
848
1992
3797
3615
5644
4932
5359
2134
1477
1385
638
2847
1034
541
1629
2191
908
1071
692
757
772
1505
1466
1794
1620
1462
1471
1370
1436
1758
1735
2370
746
735
539
336
566
372
445
191
1138
916
307
592
574
549
764
251
153
328
699
232
457
301
1331
388
1073
1773
1789
727
662
539
1311
1311
1381
697
556
65
934
7
1933
1192
1249
1359
2166
1967
819
1127
2097
1195
1198
570
726
1985
165
232
878
1110
993
1565
910
878
1505
825
1602
1436
155
341
450
345
1351
65
964
2347
17512
1981
1723
767
583
2300
1077
437
176
295
290
320
375
187
313
252
39
314
196
628
34
255
263
476
1251
1329
665
281
1369
1762
510
575
737
192
1785
796
654
257
428
802
578
45
102
212
828
428
688
92
607
158
10
104
257
157
121
469
333
417
404
329
603
212
240
464
1715
267
284
152
1100
118
494
465
626
211
96
872
1327
383
675
633
680
517
518
861
573
410
824
1067
667
542
637
666
787
721
457
1201
1698
139
777
795
950
746
9
145
248
1043
1254
85
286
1133
281
1204
33
380
249
766
919
225
2165
171
2163
1006
1545
2429
1734
1561
1589
3153
1566
1504
1454
1370
1464
732
1807
965
459
35
721
561
1580
2102
1691
720
403
582
162
203
530
724
1608
836
689
1232
167
1690
1722
1510
1520
1642
3164
1074
115
1310
1687
636
1505
2641
1224
1272
2930
2811
439
1141
163
887
663
217
917
1004
1015
1063
946
2616
421
224
452
448
490
1051
483
721
120
3096
691
875
1396
1387
2598
272
1029
2166
276
1996
421
1495
1124
406
405
3185
6425
4519
2849
1855
3963
6676
3780
3100
1599
1053
500
348
455
58
1997
1447
1143
1073
1507
1342
844
1064
733
443
1673
879
44
1735
2281
1608
1524
2230
485
753
560
490
990
318
249
273
294
254
240
257
239
262
173
649
578
305
158
293
265
324
387
1014
1149
63
500
215
1663
436
899
1465
401
961
47
2320
597
1558
345
2261
449
2132
2510
2318
1925
1750
1198
1090
815
1042
997
833
891
1281
592
582
476
164
326
1779
1595
391
343
347
438
377
261
434
753
567
1058
771
764
1227
355
826
149
1801
1726
1985
1753
1910
1245
1082
1402
1134
1199
3390
1857
1244
689
1340
2916
2878
536
2432
167
1759
2133
2156
2653
2021
2005
2203
2080
776
858
761
252
363
1642
285
1447
1437
1197
1099
575
396
170
1382
735
426
1710
389
423
156
2722
464
789
302
683
2738
535
261
658
1547
418
130
741
149
822
963
1901
2891
1882
487
2731
1328
235
395
825
1275
138
22
716
777
1568
2943
621
1125
1550
3468
1920
1187
2138
1938
1592
530
1929
1356
2124
810
1484
114
1882
2277
847
818
3499
3823
3676
3639
2670
2349
324
2764
1225
208
1476
1358
1031
50
1586
729
580
3135
1513
1072
3309
2972
2939
2740
4559
4306
797
880
2336
1326
2121
3370
2145
753
483
2721
43
1720
2869
460
410
686
758
503
1981
852
820
871
1214
1304
1081
1446
822
694
1366
837
895
802
728
1526
439
897
945
2706
2693
4056
1339
1119
1039
2100
1360
2419
620
823
464
653
2545
933
775
1356
2851
2462
2401
7711
2340
2033
4500
4056
2780
499
432
70
644
704
513
1099
69
2857
327
739
93
337
471
1250
1032
678
1754
1180
1229
1678
2158
1403
1241
1863
1274
1777
1202
385
596
929
36579
2771
2377
2165
1211
1089
1866
2735
1420
2614
1168
1257
1854
957
595
583
645
486
1747
1897
2524
1210
1436
3363
3072
2743
418
1599
279
1123
709
1742
2479
1686
1259
1366
2380
3622
5137
3736
1450
1773
2725
2588
2739
2672
2179
2252
2518
307
2727
949
3576
2185
1320
2178
1755
1648
3081
1074
1273
1338
1529
472
1212
3600
3320
2924
2921
1353
3468
2308
3021
467
645
822
566
682
817
282
495
202
395
406
3457
1069
1271
885
98
733
2120
1606
652
1698
1572
399
730
50
433
579
710
849
1114
629
588
971
225
1017
1316
2887
2025
2605
2672
2455
656
1339
461
1375
572
1027
753
1145
1753
3171
1504
1108
1456
2507
2847
1319
890
729
766
858
849
1146
1511
2152
1182
762
112
969
847
859
2906
407
1327
350
904
889
1482
343
113
1138
565
450
947
79
279
1107
44
594
1246
739
855
393
395
325
257
230
648
2457
2558
952
1047
1222
772
514
661
1893
2085
1306
1088
1102
1715
504
34
660
547
2158
9
2002
1055
1508
1659
2685
195
1981
2190
906
948
1402
1269
1474
291
273
540
920
1166
1051
2296
70
1294
3898
1553
895
23
1068
1087
1440
2442
1420
701
967
843
134
895
265
1313
1745
1243
20
1027
862
385
53
1807
1713
1492
3485
3645
1622
2747
2469
3478
1666
1011
611
770
782
484
190
900
1628
594
454
447
282
403
340
1177
660
511
451
74
522
1749
836
534
372
763
385
579
816
2206
2144
2591
360
823
1564
1631
1603
1740
1578
1859
2116
2368
2136
1433
2004
2207
2301
1930
1848
762
1384
227
654
1259
923
1618
97
1000
106
1471
1408
1594
2067
1347
1399
1448
1029
1295
1160
1261
1009
1137
1175
868
1074
1468
1221
1797
1291
1301
954
980
649
788
923
808
1167
814
790
1108
881
943
752
806
1215
736
807
325
258
950
748
657
2468
1079
433
2020
134
31
3
139
196
193
146
200
95
145
825
482
288
474
669
134
112
119
102
126
102
101
321
906
1250
1010
459
1090
1586
142
1281
712
2486
779
913
554
1265
44
771
590
1066
922
321
747
272
1486
993
152
691
1881
1532
1001
762
908
1253
1500
1031
1481
1573
1660
2790
2182
1008
1432
1417
1896
1289
1176
760
1236
765
60
1008
1117
1904
1273
1130
916
1305
1854
1552
873
1260
458
1585
1768
924
1206
650
203
181
165
187
217
297
797
18
311
817
1914
1909
2243
2218
2469
635
761
751
248
916
1962
1903
1962
2001
1349
3213
3226
454
3300
984
271
101
289
324
377
785
526
866
1512
1476
1383
1386
1455
1503
2590
774
1922
1406
1807
2044
1889
1148
1100
1089
1627
1583
2227
359
917
489
1471
307
1686
1627
1584
1833
1423
1669
1781
1744
1972
1818
1837
1801
2020
1898
1516
1476
1270
1379
1299
1215
1437
1565
1585
1455
1888
1681
2439
2313
458
402
1277
61
989
729
379
783
929
1074
1032
701
940
697
702
634
644
1375
13
630
437
1051
953
1030
983
863
859
958
899
1054
1601
570
23
1021
836
530
343
440
655
928
540
485
235
242
293
240
545
7
411
358
380
976
977
937
815
362
698
421
610
690
641
1114
218
727
1617
1149
1040
899
111
317
560
118
177
810
475
302
869
233
634
1464
488
1201
678
497
559
566
457
531
1142
26
709
889
1881
543
424
298
1344
6
1606
1881
1881
1007
206
547
552
190
600
1235
996
351
120
23
465
525
121
104
225
479
594
46
183
360
878
881
804
825
73
104
591
404
438
110
510
222
582
474
801
528
677
431
360
707
237
187
164
1511
589
250
262
922
188
108
200
905
898
978
236
728
133
451
49
506
224
156
148
146
232
359
358
158
378
726
238
137
678
279
273
215
1521
647
411
77
37
231
260
335
541
900
121
86
299
795
428
164
407
7350
240
955
684
405
1544
1580
1418
1341
1456
1442
1733
407
88
951
270
363
437
694
1536
323
1833
2091
1949
168
203
157
185
41
272
450
159
291
119
494
536
158
434
881
626
206
215
237
137
149
5
591
75
84
239
140
1298
138
133
144
243
179
1745
1286
1577
606
283
417
221
264
716
321
413
203
468
59
145
548
844
305
682
142
641
204
315
1703
776
1777
560
726
742
828
287
71
64
230
239
308
847
129
229
70
61
463
422
424
563
653
394
1210
79
1433
126
263
48
1158
2386
1313
1226
970
1541
1705
1734
1513
499
466
374
495
255
1612
1720
627
1036
576
788
923
416
14
165
1115
83
1766
1559
1769
1680
2320
1753
1655
1654
363
479
709
351
653
994
1558
786
586
664
149
556
192
576
97
93
566
696
1159
1211
1435
1493
1624
737
1180
140
1579
2031
1336
296
79
1012
374
492
486
326
418
883
805
1275
1919
384
1809
1232
673
997
615
1298
1289
1253
540
635
378
83
2019
573
930
1263
667
2093
379
1329
1869
2283
551
834
256
1073
239
525
510
228
315
536
906
194
508
214
313
45
950
542
378
529
55
95
116
252
807
311
342
642
561
95
852
1087
1258
1161
1835
1512
1818
645
438
550
644
2445
1016
550
1678
2185
921
1083
698
834
958
1084
1611
1758
1674
1469
1470
2950
4516
5235
5150
6719
2177
2209
1221
600
1025
739
773
356
1888
1470
485
914
840
783
1024
348
219
439
944
294
594
353
1560
468
1240
2142
1907
794
730
565
1321
1325
1371
730
555
76
876
6
1940
1211
1261
1349
2493
2038
845
1172
2241
1272
1299
691
782
2171
188
247
1338
876
1009
1070
827
768
1491
816
1556
1438
127
338
451
327
1359
72
959
2143
22478
2284
2540
835
829
2604
1118
693
227
304
315
347
387
195
321
262
40
353
187
526
51
317
343
645
1678
1818
1165
325
2317
2505
596
680
866
178
1713
835
652
261
338
811
569
46
111
294
908
514
810
94
1085
260
19
183
455
269
205
689
581
428
465
376
726
230
266
568
1959
317
316
193
1242
155
535
539
704
246
97
857
1831
790
1353
764
839
616
610
986
638
468
900
1242
1212
599
716
802
965
772
519
1261
1961
187
867
900
1091
823
10
172
271
1171
1428
97
312
1307
335
1362
39
548
284
957
1037
292
2292
176
2410
1089
1755
2742
2087
1690
1676
2943
1654
1546
1502
1397
1546
781
1881
1001
472
36
740
576
1385
2080
1685
743
395
622
169
218
550
736
1656
842
651
1189
170
1590
1926
1482
1388
1643
3238
1112
139
1378
1829
672
1705
2569
1260
1301
3015
3021
463
1187
186
578
697
208
963
934
1077
1100
996
2711
429
221
471
503
505
1122
501
770
108
3230
680
921
1347
1475
2664
288
1075
2314
292
2103
445
1565
1148
414
427
1170
2105
1674
897
656
1406
2337
2868
2126
1118
671
289
217
322
56
1963
1463
1116
1158
1386
1382
867
1118
771
473
1730
905
46
1484
2317
1644
1524
2172
495
741
566
466
1016
305
245
275
293
258
262
301
241
266
165
664
554
298
171
283
268
334
383
1028
1360
67
450
234
1694
451
797
1476
395
965
46
2378
597
1551
336
2303
502
2247
2766
2473
2183
1946
1293
1165
979
1084
1161
1070
1109
1393
606
529
488
169
322
1890
1715
414
352
375
464
419
259
467
853
643
1156
846
832
1019
366
901
124
1970
1886
2230
1978
2180
1405
1260
1646
1389
1421
3423
2058
1381
879
1536
3216
3215
615
2579
174
2027
2565
2307
3088
2119
2048
2059
2139
796
885
785
267
385
1661
294
1507
1485
1239
1137
587
420
185
1351
764
417
2092
513
614
229
3612
770
1345
346
719
2885
552
257
672
1595
338
136
747
173
845
979
1922
2933
1936
495
2794
1337
246
474
565
1122
130
30
696
840
1596
3018
627
1076
1593
3790
1917
1233
2142
2011
1658
572
1984
1394
2167
778
1617
108
1900
2213
898
1014
3628
3586
3736
3591
2572
2249
289
2844
1280
378
1587
1467
1083
88
2245
754
627
4581
1884
1301
3747
3320
3210
3858
6424
4284
731
1057
2369
1285
2142
3111
1901
651
337
2298
38
2887
5836
927
838
1360
501
976
4091
1737
1649
1612
2414
2706
2167
2249
1415
1103
2003
1224
1264
997
877
1840
569
922
958
2861
2640
3966
1225
1060
967
1920
1409
2489
615
869
482
678
4978
1933
2201
1770
1910
1543
796
2821
742
705
1471
1412
2416
522
367
70
475
587
480
1042
64
3002
440
936
101
374
613
1510
1181
820
1955
1420
1527
1448
2378
1693
1581
2235
1563
2068
1371
465
659
1153
64346
3067
2552
2594
1397
1250
2054
2549
1520
2672
1184
1309
1946
1069
614
650
598
519
1807
2066
2782
1335
1646
3681
3254
2161
450
1628
319
1154
734
1792
2514
1783
1401
1541
1983
3398
4906
3825
1380
1849
2870
2648
2797
2766
2271
2034
2565
318
2825
953
3594
2328
1408
1634
1684
1471
2966
1051
993
1121
1110
258
1155
3481
3302
3013
2904
1373
2561
2104
2703
456
589
742
557
670
780
276
361
186
383
402
3185
1013
1362
959
100
763
2168
1595
657
1632
1484
352
712
46
398
509
663
599
949
562
480
1029
239
1059
1340
2851
1867
2405
2280
2416
660
1347
438
1372
559
1043
754
1134
1726
3165
1482
1168
1450
2500
2499
1272
905
750
758
798
832
1144
1474
2217
1187
742
127
948
802
844
2850
435
1247
331
835
892
1574
401
88
1138
540
480
958
73
280
1114
43
629
1206
755
884
412
397
310
260
240
551
2429
2607
949
1053
1214
763
483
670
1901
2047
1158
1056
1078
1753
538
34
664
567
2202
9
2049
1057
1645
2072
2658
202
2322
2284
933
975
1444
1269
1529
311
254
565
850
1131
1104
2405
73
1379
4002
1573
950
23
1089
1119
1056
2494
1577
737
1029
944
154
953
263
1463
1929
1343
22
1103
742
413
49
1987
1863
1733
3875
4059
1853
2570
2801
3583
1755
1005
659
767
768
469
192
872
1586
525
448
423
280
401
348
1269
667
527
475
77
559
1758
856
521
374
782
409
598
833
2238
2103
2701
376
833
1633
1745
1652
1826
1615
1907
1911
2427
2193
1457
2036
2243
2333
1858
1819
957
1522
248
297
1307
938
1666
106
1032
97
1437
1408
1599
1664
1375
1404
1427
1028
1293
1181
1301
1047
1189
1241
917
982
1557
1319
2020
1424
1363
1046
1106
715
885
1007
892
1326
888
865
1141
953
994
750
813
1181
711
812
327
286
958
725
628
2477
1061
433
1910
115
31
3
337
182
186
144
210
97
142
847
444
308
449
666
133
124
111
95
127
109
101
325
916
1212
1006
471
1086
1592
129
1286
323
2128
842
993
579
1364
49
846
623
1154
978
341
834
314
1643
1111
164
583
2028
1687
1088
811
988
1389
1596
1162
1649
1773
1840
2439
2281
1122
1639
1574
2075
1496
1309
850
1542
792
71
863
1116
1923
1238
1131
892
979
1829
1532
877
1310
573
1427
1722
871
1084
554
182
154
179
162
186
257
721
17
285
777
1832
1763
2571
2152
2273
554
674
669
235
863
1734
1675
1744
1719
1264
2766
2771
394
2873
848
230
89
255
294
315
579
436
772
1329
1427
1253
1189
1283
1376
2893
708
1554
780
1197
1755
1984
1043
1005
961
1443
1447
1919
343
819
431
1324
278
1519
1635
1420
1629
1259
1517
1521
1484
1750
1625
1673
1686
1831
1703
1318
1299
1146
1257
1127
1079
1333
1453
1377
1345
1608
1534
2170
246
658
457
767
135
965
993
926
897
1273
1624
1668
1026
932
109
971
59
1137
584
351
812
1183
26
1251
1188
1171
434
359
399
1211
279
1277
328
1045
683
294
1375
1197
112
1135
536
981
167
563
624
588
372
252
277
602
535
821
627
157
537
217
961
89
612
42
577
1599
769
640
213
465
1951
178
856
132
287
1343
53
124
1435
391
1597
977
159
315
693
291
1006
1157
132
613
499
425
285
334
584
1125
744
463
295
548
802
399
68
797
159
893
293
254
944
429
9
271
582
1707
392
836
184
180
188
733
2040
553
2003
1570
1230
2540
1019
1588
1257
141
648
1045
1038
1136
715
118
542
390
363
727
1212
1277
1990
2552
2894
201
1574
2058
415
835
1162
1143
1598
2120
1053
1633
1564
1922
1473
2158
250
1239
341
434
645
2284
879
1295
503
396
230
1348
2196
1934
1928
1409
1465
1547
1554
1636
1611
2130
1944
2006
2280
2077
1955
2077
142
355
951
823
503
460
700
587
543
664
1222
361
302
1254
685
484
979
2128
2047
542
957
1403
471
554
1019
1270
187
54
110
1068
805
171
1770
1041
1074
1064
2075
2140
2244
2448
2930
2800
253
668
474
809
125
1015
1210
1000
933
1301
1685
1691
1041
942
115
977
60
1189
345
343
790
1186
26
1206
1158
1130
434
392
413
1237
282
1303
339
1062
717
308
1394
1271
117
1040
524
1155
164
639
725
719
381
218
197
523
391
384
501
125
526
185
865
79
477
40
417
1284
751
541
210
267
1479
177
700
87
307
1197
41
81
1059
286
1312
871
154
295
615
243
892
809
118
523
427
366
274
336
570
1167
769
463
284
572
819
417
78
811
148
905
336
195
890
364
9
258
610
1673
238
790
193
178
171
735
1688
428
1839
1166
1086
2195
791
1489
1265
125
709
1054
1039
1196
786
115
613
409
375
740
1155
1412
2011
2013
2383
164
1457
1992
394
793
1111
1081
1629
2083
957
1495
1494
1823
1407
1994
234
1152
323
425
643
2125
730
1178
488
428
237
1330
2188
1973
1913
1403
1490
1678
1459
1689
1721
5660
6410
6898
7789
5352
3221
3126
208
674
1327
1098
634
637
898
688
597
798
1410
395
335
1395
674
539
868
2282
2242
550
946
1372
499
520
1126
1276
192
46
110
1002
779
154
1647
982
1227
1072
2022
2110
2171
2385
2227
3080
251
638
455
774
139
969
994
930
883
1381
2203
2407
1483
1524
188
1107
59
1153
354
332
813
1068
27
1151
1152
1249
434
363
406
1219
272
1301
328
1042
710
276
1350
1231
119
1012
504
977
177
550
635
571
323
183
190
696
381
327
454
130
455
162
820
82
437
38
400
1209
736
514
196
260
1373
157
671
83
278
1124
35
74
971
246
1243
1020
145
316
592
258
888
761
115
519
432
346
288
306
573
1126
759
432
285
536
769
386
68
794
153
901
315
187
881
349
8
344
634
1638
242
769
200
164
169
696
1605
391
1703
1070
918
1904
702
1341
1441
182
743
1033
956
1072
692
108
525
348
354
646
1073
1151
1704
1949
2371
185
1490
1950
420
776
1065
1052
1429
1879
887
1462
1440
1904
1385
1932
223
1122
314
409
598
2019
713
1128
485
378
224
1310
2224
1871
1869
1333
1424
1527
1415
1561
1554
2085
2041
2003
2162
1990
1866
2041
130
358
944
785
487
462
653
828
736
661
1234
338
293
1233
643
488
819
1916
1913
513
954
1358
467
540
1141
1508
204
47
109
1010
788
164
1630
992
997
1040
2004
2086
2254
2416
2168
2583
1787
1581
1945
507
726
83
581
504
258
220
140
103
1907
2202
2186
1908
1861
1752
2604
2781
2476
1752
1740
1641
180
563
265
826
1327
274
2008
1988
1173
939
443
4321
1150
1160
1324
433
1561
1130
1113
963
954
903
1378
1387
871
1566
1514
2058
1444
1431
740
910
2496
2132
1918
912
869
1455
2123
441
557
1169
387
879
1374
2339
1566
798
772
290
1524
505
1047
577
405
1951
936
912
668
678
950
1114
1212
2078
1394
1767
1122
2006
2582
909
615
511
2701
241
1072
1789
372
1438
2275
766
457
797
1222
141
708
832
675
537
404
845
861
1165
933
856
957
720
524
899
1504
635
541
433
687
337
709
403
659
756
355
73
302
321
321
328
1521
508
583
285
724
308
783
635
771
235
318
260
704
271
181
146
289
884
2045
487
56
294
439
317
1712
446
1729
540
311
537
1583
1703
690
174
1015
1429
1062
987
604
976
1590
317
1450
270
158
361
408
466
1523
1411
1787
1769
2208
153
1167
1207
237
758
571
115
733
686
1753
1855
930
875
1774
1947
1673
1465
691
148
106
2077
760
780
1309
741
1102
1142
1474
1543
1541
1858
1874
1057
667
68
774
915
312
1258
136
1458
1014
682
1064
777
976
1372
1357
2120
1271
801
939
1105
1406
1000
1005
1885
294
2060
1106
1006
972
679
904
1635
1662
1431
726
1131
1816
2363
1090
937
755
711
266
313
523
526
481
404
204
494
576
208
192
198
198
398
878
1306
1033
863
403
397
405
132
355
441
789
72852
1470
1454
915
494
59
656
260
102
667
749
229
589
909
749
6
945
674
1803
525
390
541
541
655
361
194
1001
1136
1385
1410
842
329
678
507
1142
500
183
85
288
233
490
434
572
1320
894
1152
55
1418
541
587
623
1371
1156
1135
1147
1224
986
1331
3767
3547
4865
4488
3807
4031
4121
1005
738
675
520
582
1212
566
283
1821
88
1979
1472
738
540
554
1687
1935
392
257
266
243
299
213
508
592
1294
1005
490
492
692
449
403
583
1406
1425
1379
811
528
854
782
314
525
348
385
326
476
579
1227
1211
1413
1030
299
771
669
53
1015
1848
1775
2274
999
715
391
1076
1298
1224
1580
1738
1117
2036
1422
907
1570
1004
18
1436
1572
66
1682
1368
836
1122
956
1017
979
718
989
249
1320
1097
345
444
312
295
1097
1001
566
739
754
1363
1394
619
465
432
384
910
922
1225
1063
962
1025
676
727
1047
738
529
473
186
1215
346
496
796
772
702
827
375
439
238
363
311
317
509
387
208
661
278
180
261
274
412
609
425
70
555
112
768
9
81
1192
350
857
470
771
606
346
298
389
602
126
470
1038
337
357
426
1109
22
996
265
1264
1980
1690
2238
560
826
102
646
549
284
259
174
124
2564
2628
2491
2023
2073
1768
2225
2471
2191
1779
1819
1566
189
522
277
817
1325
261
1999
2060
1186
938
394
2427
672
917
1048
357
1221
804
1026
688
778
847
1495
1229
860
1620
1642
2176
1517
1464
726
906
2724
2189
1970
922
855
1480
2143
438
562
1163
347
864
1327
2313
1563
778
768
293
1551
497
1076
531
420
1903
964
894
641
708
950
1241
987
2072
1352
1677
1118
1943
2498
881
607
479
2837
250
1058
1769
382
1377
2275
746
463
767
1269
124
703
765
776
568
330
796
766
1094
907
821
859
722
529
862
1457
612
526
425
671
339
690
400
705
736
356
70
297
368
317
324
1394
373
508
205
586
277
753
620
716
243
306
256
672
262
177
145
291
850
1979
471
54
341
600
344
1615
396
1599
538
292
513
1516
1653
669
180
979
1290
967
634
510
1066
1705
281
1407
271
129
344
408
427
1407
1347
1683
1631
1884
139
1215
1309
211
764
581
121
684
810
1736
1811
905
857
1770
1615
3225
5163
2329
551
330
7347
2677
2840
4625
1930
2159
1934
1922
2377
2034
2481
2168
1245
938
61
917
969
358
1345
139
1537
1088
592
1024
770
984
1457
1410
2171
1419
826
970
1184
1423
1022
788
1875
284
2061
1125
1014
968
739
948
1678
1695
1349
703
920
1823
2230
1098
992
785
718
235
303
655
528
497
415
221
527
619
218
223
180
200
432
896
1191
1095
914
429
382
421
145
356
490
771
102580
2649
2921
1168
1539
145
1479
468
248
1351
1566
399
1407
1834
1468
11
1915
1430
3174
871
528
705
766
700
518
365
2085
2174
2661
2626
963
474
845
689
1570
693
280
112
383
273
633
861
1024
2578
1617
2177
114
3088
1054
1037
1430
2593
2555
2512
1740
1685
1395
1657
1569
1394
1794
2711
2284
2014
1708
566
476
391
337
357
859
424
224
1335
57
1718
1405
710
558
536
1702
2151
462
286
355
248
335
242
459
744
1982
1413
968
1037
1480
891
829
1250
2971
2752
1885
938
622
1141
977
397
583
404
529
419
622
713
1538
1710
1968
1199
368
937
817
63
1450
2404
2475
2471
1290
904
448
1395
1622
1627
2214
2139
1417
2586
1774
579
1750
1192
12
1798
1990
82
2030
1734
1048
1387
1171
1281
1183
868
871
233
1598
1313
439
525
404
356
1308
1159
702
895
906
1663
1699
773
570
539
451
1203
1023
1357
1144
993
1048
678
738
1117
780
508
513
186
1255
370
452
855
785
713
913
395
335
234
385
292
344
544
375
225
648
298
195
266
298
427
626
435
72
572
129
795
9
76
1182
721
2478
1390
2619
1873
1047
878
1227
1793
415
1416
2992
1122
1185
1247
3439
65
2881
373
1740
1880
1581
2035
503
732
85
567
512
233
294
150
105
1956
2229
2226
1895
1873
1614
1999
2107
2176
1725
1754
1697
187
556
265
911
1432
281
2089
2030
1159
929
396
2444
700
1224
1058
369
1273
801
1044
699
800
846
1315
1292
927
1705
1566
2311
1454
1438
714
858
2488
2031
2027
1051
1073
1626
2301
502
661
1458
444
992
1474
2499
1755
868
934
323
1593
488
1054
585
445
1915
956
903
636
702
971
1137
994
2121
1463
1746
1116
2092
2789
1016
703
537
2791
276
1171
2106
424
1649
2537
856
562
948
1442
169
799
912
761
647
334
921
1005
1282
1006
958
982
757
552
896
1514
632
551
435
713
336
721
404
640
699
352
74
328
300
332
424
1464
418
504
235
602
312
772
686
782
232
349
278
771
277
206
148
333
994
2229
751
97
247
484
361
2087
450
1640
508
300
534
1535
1691
673
170
1002
1323
996
647
530
1049
1635
290
1517
270
131
385
395
459
1453
1372
1730
1676
1950
151
1258
1192
212
789
573
113
685
670
1691
1853
906
858
1783
1662
1963
1785
795
166
123
2372
827
811
1373
777
1162
1235
1435
1805
2134
2874
2320
1250
778
57
842
1111
368
1489
137
1605
1119
613
1033
800
1022
1432
1413
2209
1379
834
1027
1376
1704
1143
845
2057
394
2955
1408
1190
1080
782
1129
1923
2029
1890
1107
1334
2055
2391
1150
1295
900
819
275
341
627
613
671
464
244
617
637
238
222
198
231
486
960
1221
1063
916
471
411
522
155
525
547
902
78998
1751
1546
970
525
61
714
247
111
671
756
218
626
907
806
6
958
631
1955
495
416
518
545
550
331
187
997
1191
1418
1470
835
349
709
543
1154
497
203
92
295
245
604
474
564
1375
899
1058
44
1442
532
578
654
1373
1180
1191
1183
1294
1132
1195
1208
1175
1615
1474
1195
1243
1268
433
434
353
283
315
627
384
221
1507
69
1346
1157
588
420
445
1359
1699
328
258
247
186
241
215
332
540
1304
995
494
494
764
408
418
628
1477
1458
1500
819
551
844
797
314
455
310
406
335
464
600
1259
1236
1484
1035
303
791
689
55
1041
1912
1885
2021
1043
748
400
1154
1453
1302
1656
1796
1163
2094
1475
475
1441
978
11
1481
1760
67
1704
1411
864
1166
1004
1045
1091
778
742
209
1337
1124
355
460
312
303
1305
1030
579
779
753
1401
1429
651
500
441
426
1038
858
1440
1201
1278
1883
1139
1584
2386
966
733
659
252
1766
391
519
934
846
904
919
379
376
242
388
311
320
553
395
222
678
301
186
281
291
414
631
445
71
564
116
770
10
77
1195
358
917
498
783
616
350
282
417
813
123
509
1023
361
437
446
1273
25
1126
270
1366
598
591
319
386
550
836
550
466
306
804
442
114
953
332
808
84
154
182
448
507
773
400
1048
1004
989
823
134
793
791
107
104
52
75
109
63
61
120
99
78
45
287
454
846
1148
1000
720
977
927
587
140
821
132
921
826
885
830
721
331
282
258
295
662
625
703
88
686
1028
209
569
218
281
154
180
209
29
157
91
201
87
427
541
420
329
449
564
430
450
84
97
392
180
674
104
57
317
140
46
116
380
80
182
221
388
259
150
152
360
467
40
755
606
282
272
825
16
114
84
116
457
361
288
297
760
226
18
170
352
35
51
101
846
194
446
63
167
116
115
45
107
297
348
300
359
147
155
471
230
409
262
752
401
167
175
129
93
240
99
43
114
55
126
793
626
1520
1616
852
232
120
23
377
1777
911
2053
900
528
372
285
182
1563
1340
416
1639
1739
1840
2013
717
619
1571
1068
691
661
593
688
609
718
649
611
593
556
476
565
328
618
526
484
470
408
411
436
406
562
771
619
764
675
705
717
665
697
457
239
422
491
394
211
228
88
184
199
635
485
453
378
599
460
471
594
583
503
650
466
515
384
411
383
469
432
403
450
345
364
382
451
385
203
403
482
412
310
303
350
264
324
451
471
419
412
363
511
563
516
479
511
308
237
337
257
278
301
360
380
493
520
370
596
653
592
413
408
286
510
489
340
387
228
340
281
282
311
276
304
318
403
398
259
245
296
385
254
239
243
266
237
270
169
251
158
159
181
179
297
281
189
201
205
216
219
156
199
250
276
211
220
295
223
246
169
183
222
160
140
161
198
172
165
290
217
156
126
150
274
313
176
164
185
178
267
235
293
262
198
223
312
218
174
179
171
195
173
162
214
251
220
181
240
236
213
156
163
136
234
153
255
279
263
11
146
273
291
179
127
161
153
200
230
233
160
168
191
264
143
180
287
228
282
332
427
343
163
192
207
168
361
375
271
461
467
505
318
319
383
370
497
272
263
246
243
250
234
222
224
399
270
460
558
773
585
301
352
482
757
465
436
266
733
356
118
821
289
759
74
143
171
396
457
669
369
935
890
872
741
144
738
714
97
106
33
57
145
70
59
86
92
80
41
286
423
779
1053
909
674
904
916
572
144
801
113
869
798
828
789
773
375
313
280
376
741
627
788
92
768
1089
60
667
277
329
159
198
224
59
195
104
224
128
461
609
460
380
514
700
501
579
101
103
591
305
995
169
125
596
198
47
180
498
78
203
247
498
275
196
190
420
555
44
910
793
351
457
784
18
160
86
139
470
437
349
422
937
267
24
182
417
40
67
120
990
228
511
74
183
287
134
55
128
504
435
392
441
178
176
570
258
485
292
839
416
146
166
131
100
230
114
38
136
47
116
758
615
676
700
371
88
53
9
153
784
324
882
362
196
181
121
82
673
576
166
678
746
808
870
331
286
812
541
392
480
487
679
605
690
668
608
626
563
447
792
604
845
634
547
525
399
409
452
418
464
678
625
761
698
604
623
678
649
461
264
409
464
364
185
294
101
209
231
560
387
455
431
646
504
458
663
560
566
552
450
523
387
414
407
446
451
393
523
349
387
388
446
406
196
388
506
418
336
299
363
289
311
440
490
438
377
259
407
460
497
475
630
387
298
448
320
350
296
406
372
525
515
396
578
724
615
401
443
290
506
497
334
400
227
251
308
289
303
361
284
275
365
334
219
234
287
343
277
243
229
274
239
219
166
289
165
150
185
190
276
272
200
211
213
224
229
157
213
248
271
227
211
305
237
258
161
171
229
157
145
162
194
201
163
290
262
148
142
151
264
309
181
170
175
223
260
247
272
262
206
247
270
206
183
186
174
184
154
169
230
250
218
177
250
220
229
155
270
155
202
149
428
321
327
13
177
291
292
172
138
146
149
204
221
223
170
173
188
289
173
191
255
234
286
346
414
349
186
185
211
198
338
377
301
422
598
652
336
279
402
479
693
483
445
424
386
362
359
325
348
572
429
700
837
669
562
301
387
496
769
488
415
265
786
387
100
829
293
744
74
125
157
406
438
714
350
925
860
876
756
123
746
739
112
98
35
59
103
59
60
120
134
72
42
303
466
797
1084
993
645
875
849
510
127
729
113
784
719
774
749
645
311
251
228
258
626
709
669
86
630
871
58
527
187
293
155
198
214
32
178
271
278
93
456
600
465
348
439
552
443
459
91
79
410
184
693
112
60
323
154
33
108
377
67
167
217
442
258
155
149
365
472
34
787
684
272
299
715
17
111
84
135
382
348
296
303
1039
284
21
183
383
35
50
119
886
195
479
67
183
121
113
53
110
289
388
328
394
154
167
486
246
397
250
788
419
158
140
138
90
240
101
53
116
48
127
767
628
651
710
387
83
632
10
204
845
353
956
377
237
190
156
95
791
637
204
758
835
903
992
359
331
1031
622
500
571
819
953
719
793
721
673
634
557
450
546
353
591
534
502
474
428
426
463
422
472
682
634
768
661
727
626
626
658
465
248
417
458
323
176
257
81
164
190
527
419
470
369
586
472
466
592
551
502
539
453
539
370
402
381
461
438
413
436
380
377
396
442
385
212
440
482
419
322
305
355
292
323
423
442
418
398
254
403
494
473
483
428
298
575
356
225
305
284
371
369
495
531
358
596
642
653
427
423
292
531
541
350
386
243
261
287
309
301
274
284
288
342
317
244
211
285
356
267
243
226
279
246
206
176
263
156
154
180
199
268
261
175
223
209
211
217
201
213
235
273
232
226
276
211
274
163
160
228
229
166
164
163
197
170
295
196
162
139
153
280
303
176
170
175
167
277
243
281
219
212
221
289
213
176
181
164
183
147
164
215
252
220
188
248
210
228
164
158
141
180
157
278
271
243
11
158
251
268
180
144
155
154
189
234
234
169
156
179
287
151
182
244
246
286
327
568
332
161
198
213
174
419
400
286
486
631
473
327
305
387
370
499
267
263
235
261
235
231
220
215
356
274
454
557
754
673
328
264
237
279
222
215
351
293
318
292
261
435
430
271
263
436
324
233
237
317
335
282
188
164
199
144
262
229
143
158
200
128
138
119
186
171
161
196
208
190
301
288
387
327
342
340
298
259
157
156
122
124
102
118
104
128
119
94
133
105
166
171
151
133
114
140
148
85
102
130
133
196
118
121
141
80
157
125
103
99
106
119
98
104
73
65
54
104
98
112
98
95
124
112
126
154
151
153
131
115
117
96
97
128
132
121
130
133
212
197
157
141
146
144
161
204
180
180
135
99
144
139
123
122
125
119
161
207
116
124
144
131
153
115
108
114
130
112
77
164
151
181
174
175
205
200
179
178
117
175
220
237
192
212
216
213
166
172
157
127
105
140
115
215
267
174
203
394
317
222
260
165
184
142
193
186
135
127
87
25
33
46
22
71
36
42
59
45
37
38
99
93
94
101
12
10
119
2
31
81
61
47
47
88
8
5
46
117
165
164
85
82
50
54
39
58
49
90
28
51
66
37
98
115
185
766
684
330
280
262
283
247
234
326
294
395
272
263
448
408
314
269
385
351
226
205
318
313
275
201
175
180
155
266
235
149
150
168
131
137
132
154
177
154
192
206
162
298
298
330
358
347
336
348
259
166
150
149
124
114
110
106
117
116
124
125
118
164
171
175
108
96
143
148
110
103
251
113
194
107
119
157
84
130
133
97
100
139
119
90
100
69
65
55
111
108
96
110
99
123
122
117
158
166
142
128
115
107
115
91
137
132
121
122
132
202
207
122
120
139
143
196
198
189
177
135
107
151
135
121
121
121
103
162
177
122
122
137
166
146
100
127
106
122
112
109
138
149
185
184
173
186
390
175
199
111
163
213
257
191
203
205
238
171
177
170
126
118
180
135
185
270
200
238
352
269
254
248
165
189
149
170
157
131
126
123
26
35
54
22
65
35
40
43
61
47
39
78
89
113
92
12
10
109
1
29
81
60
46
45
131
8
6
43
123
147
167
71
79
47
61
39
76
50
90
35
43
59
34
78
123
173
798
713
338
275
254
306
251
262
354
326
384
306
255
444
414
301
269
396
345
223
211
344
306
277
203
170
172
171
605
233
136
155
178
134
160
127
148
175
155
202
198
161
323
285
345
346
329
349
303
246
158
173
122
120
119
103
112
116
146
103
134
107
188
183
163
107
104
133
158
90
127
137
110
201
105
112
272
88
134
141
112
113
116
112
119
108
79
68
54
119
101
94
121
99
132
118
139
147
179
136
137
132
126
100
99
132
127
149
126
162
204
197
132
114
164
139
173
204
202
204
129
94
143
141
128
115
120
104
155
193
126
121
134
123
137
100
113
117
132
104
74
127
136
195
179
157
209
202
166
198
117
165
223
228
194
212
232
214
171
179
169
143
114
140
123
185
353
200
225
359
244
219
236
194
171
144
167
146
143
131
86
24
33
46
22
62
35
41
63
47
38
57
82
116
91
96
20
11
105
1
30
80
62
68
48
88
8
5
44
126
151
167
73
134
50
57
39
50
50
97
30
44
57
49
69
122
206
227
115
101
202
144
149
299
152
148
210
311
151
161
153
155
193
178
221
189
274
204
193
112
152
197
99
130
153
159
174
227
183
190
227
237
260
261
274
211
239
242
164
187
190
185
223
202
140
167
281
243
298
228
258
252
214
251
187
294
246
241
204
223
321
294
198
237
258
176
148
186
149
220
156
191
166
252
229
248
312
251
392
266
244
223
247
257
319
256
229
255
271
412
409
359
270
193
181
274
261
259
234
202
225
373
233
343
191
226
301
347
202
143
270
237
167
255
162
146
126
119
107
127
139
136
120
154
168
337
262
220
272
321
308
194
163
140
144
154
106
99
135
125
