4036
3328
42
1284
1810
43
41
1460
594
75
1218
460
72
1190
75
324
63
75
77
94
60
60
61
65
3256
58
42
41
41
42
42
42
42
44
44
42
43
43
44
49
40
39
41
40
41
41
41
42
42
56
43
44
42
43
48
1139
91
114
51
70
51
62
53
64
53
53
67
53
54
59
53
53
53
53
54
54
54
54
63
52
51
51
52
52
52
53
53
54
55
53
96
81
54
54
59
56
55
74
87
188
52
51
51
51
52
52
53
65
55
54
53
53
53
53
54
54
54
54
55
55
61
155
153
143
99
96
48
82
50
49
49
49
51
50
50
50
50
51
51
51
52
52
52
53
58
597
68
1518
1731
568
87
1642
95
116
71
648
610
98
70
85
88
70
65
61
61
78
64
62
62
63
63
63
78
64
63
64
79
103
66
61
59
59
65
60
77
61
60
60
61
61
62
61
64
75
65
63
64
63
63
65
62
62
63
63
63
63
65
65
66
64
65
65
65
50
50
48
53
50
51
51
50
51
51
52
53
54
51
53
52
52
64
62
62
65
63
63
63
74
65
64
66
64
64
65
65
67
66
52
49
49
66
50
50
50
50
51
53
52
54
61
52
52
52
53
311
163
169
440
84
161
67
66
102
108
54
107
52
105
52
61
51
99
98
50
50
51
69
53
50
51
51
52
51
53
53
52
53
54
53
53
53
59
60
62
62
60
73
62
61
61
62
62
62
62
64
63
63
63
66
51
98
111
51
50
50
50
61
52
52
53
52
52
52
53
53
53
619
58
55
55
63
64
67
63
63
62
61
62
62
64
63
63
65
64
64
64
102
65
100
48
48
97
96
60
49
50
50
51
49
49
49
51
51
65
51
51
51
52
52
64
53
58
59
62
59
70
61
60
60
61
61
75
62
62
62
65
62
63
63
145
96
96
49
49
49
101
50
52
50
49
49
50
51
51
50
51
51
51
52
52
52
52
58
63
59
61
60
60
60
61
61
62
61
62
74
65
64
63
63
63
52
52
1868
53
49
49
121
97
49
49
50
63
52
51
50
50
52
51
51
52
52
52
53
53
53
54
78
62
63
60
60
60
61
61
61
61
63
62
109
63
63
63
63
63
190
51
53
154
104
108
55
53
63
53
53
53
54
54
53
54
55
54
55
55
55
56
64
72
63
63
64
64
65
64
65
64
64
65
76
66
67
66
66
67
896
54
51
51
50
101
99
51
53
51
52
51
51
52
59
53
53
53
53
54
54
58
57
74
61
62
62
61
74
64
62
62
63
75
66
64
64
64
65
65
65
65
66
53
50
50
50
100
99
53
61
52
51
51
52
52
52
53
53
53
54
55
54
55
55
68
55
61
61
61
62
62
62
63
62
65
64
74
65
65
65
65
65
66
66
53
51
51
62
99
135
52
51
61
52
51
51
52
53
53
53
63
67
54
55
56
58
55
66
62
63
61
61
63
62
62
62
65
64
64
76
67
65
65
66
66
77
257
50
119
49
49
48
97
108
50
52
50
49
50
50
50
52
51
52
52
52
52
53
53
64
54
59
59
60
70
61
61
61
61
63
62
72
63
63
64
63
64
64
74
65
58
108
51
101
55
107
56
120
55
103
56
107
52
102
52
103
52
101
103
807
791
84
321
111
237
429
84
459
98
556
100
379
65
310
98
65
690
5857
102
75
68
67
68
68
81
70
70
69
70
83
66
67
66
66
68
78
70
68
1498
72
71
65
65
65
66
66
66
71
65
65
76
66
66
66
66
67
66
66
67
1436
71
71
64
64
64
65
118
67
66
66
66
67
68
64
63
63
64
76
66
75
1479
71
72
66
65
68
67
67
67
66
67
68
79
74
67
65
64
65
67
65
66
1412
71
72
66
65
66
66
78
67
68
67
67
69
64
65
64
64
65
77
66
66
1411
69
85
68
67
67
68
68
68
68
72
71
66
78
66
66
66
67
66
99
68
1436
71
72
68
66
67
67
67
69
67
67
68
73
66
66
66
66
69
67
78
67
1404
71
72
67
66
67
67
69
67
67
67
68
67
70
173
116
66
66
66
69
67
1451
69
73
67
67
67
85
69
68
70
68
68
71
66
66
66
66
80
67
67
68
1492
89
58
53
52
53
53
54
54
53
54
54
69
65
55
54
54
55
55
55
55
34
56
35
35
77
34
57
45
40
741
602
74
158
86
579
52
83
85
58
73
68
107
134
169
169
170
198
174
202
163
192
167
164
165
166
194
169
169
3848
210
177
166
165
175
171
171
171
172
173
173
205
169
165
194
166
194
173
165
166
3731
206
169
161
185
164
163
163
167
165
164
164
162
268
160
157
158
160
163
161
192
3556
168
140
131
129
130
160
134
136
133
137
138
134
134
134
134
135
218
99
99
100
62
100
62
76
74
51
62
64
60
140
98
84
128
92
51
77
124
134
103
105
99
98
99
99
100
117
102
99
100
103
96
96
96
115
104
84
84
85
1905
91
106
70
69
69
70
70
70
70
70
73
72
71
71
71
71
72
72
72
72
45
89
46
56
40
44
47
51
45
106
72
78
98
60
38
69
94
99
66
140
105
104
123
104
63
52
52
51
111
101
53
52
52
52
52
52
53
54
55
54
55
55
55
55
56
56
59
56
63
63
63
63
64
64
63
74
67
66
66
68
67
66
78
69
68
69
69
70
69
69
71
69
81
83
66
67
72
64
64
64
64
65
66
111
67
1625
83
103
110
89
56
90
94
58
94
1006
653
141
64
176
318
359
145
219
148
317
498
786
89
612
678
762
647
1103
293
318
151
328
105
144
498
409
191
164
1069
763
805
286
334
185
165
165
101
103
324
582
154
104
173
103
169
141
104
104
114
180
579
88
1331
159
375
391
161
110
952
418
359
650
172
113
713
178
167
120
324
184
289
359
178
117
877
375
198
292
247
194
170
132
126
328
139
119
266
306
143
121
657
476
96
72
110
293
76
122
88
66
110
103
121
94
275
86
100
678
477
100
255
100
89
58
92
96
60
95
61
96
95
77
137
65
100
100
102
103
109
86
112
73
136
302
71
111
307
112
72
80
183
111
139
140
111
112
134
78
114
79
78
116
146
154
121
96
98
126
120
118
149
92
84
120
86
96
88
86
86
128
88
124
123
88
140
127
91
128
93
92
128
145
99
179
135
133
103
110
135
134
100
131
99
131
102
132
132
143
99
136
100
100
136
101
104
112
138
102
112
135
135
78
71
110
71
72
125
71
110
69
70
67
71
67
68
68
470
68
69
109
90
57
92
121
59
106
62
132
95
66
136
65
100
100
103
103
110
72
110
84
135
317
71
109
179
111
71
78
113
73
142
113
112
112
126
82
116
80
79
117
119
128
118
85
82
82
120
118
84
94
85
120
86
86
86
86
86
123
88
129
124
89
126
126
91
128
95
93
129
130
99
167
144
144
100
99
137
133
100
143
99
131
101
135
133
134
98
135
100
99
149
101
100
106
138
102
101
147
135
84
72
110
84
73
139
140
83
114
81
68
81
71
67
68
68
296
70
70
167
161
51
51
161
101
106
53
55
106
52
107
52
52
52
53
52
53
53
53
53
58
54
54
55
60
129
85
77
62
63
62
64
65
63
74
65
65
64
64
65
65
65
67
67
66
78
69
68
68
68
72
68
65
65
65
65
76
68
67
76
68
1493
72
256
580
133
316
119
117
367
501
174
141
309
148
664
119
123
129
119
164
144
943
452
607
207
114
96
962
97
115
1077
356
325
107
119
99
149
100
406
126
168
104
3345
112
501
379
135
1149
289
134
305
1310
392
198
133
140
1045
527
166
187
132
391
205
206
153
590
418
205
148
398
291
786
151
341
165
704
503
250
166
151
344
865
247
374
900
210
203
499
208
742
157
290
181
158
158
159
322
166
984
946
160
173
160
637
752
164
163
226
1066
174
344
164
560
328
366
930
181
215
427
336
402
167
205
272
426
459
389
230
446
524
470
328
178
361
280
797
180
201
186
190
327
507
200
929
303
855
229
722
200
173
593
156
359
994
674
667
242
227
514
425
517
189
186
199
541
240
278
260
222
1629
704
181
1047
198
717
731
604
183
155
172
432
304
175
175
222
181
172
172
184
383
172
153
182
175
157
177
773
530
201
181
196
180
191
196
184
184
163
188
1210
209
189
183
186
201
1060
208
465
473
210
183
259
162
619
174
7123
209
661
197
374
736
166
187
196
199
189
517
777
522
190
2785
381
659
722
798
229
277
316
196
175
426
396
585
261
204
196
208
214
269
322
196
189
197
237
204
410
221
190
178
208
379
178
197
205
212
270
218
211
411
234
181
200
180
488
181
201
211
194
183
364
182
224
198
209
731
209
647
186
248
182
198
238
569
470
208
218
208
207
188
780
250
222
473
216
216
457
480
182
168
379
168
169
216
1187
156
129
140
454
319
230
161
230
157
189
224
216
256
158
166
159
232
175
167
167
178
243
211
333
162
227
269
163
151
291
177
153
358
239
201
187
155
222
190
171
257
179
193
161
1822
209
169
253
179
289
415
179
182
301
285
267
193
208
252
317
192
267
203
190
263
252
194
270
256
249
206
289
210
227
221
268
206
200
274
198
209
198
212
260
253
216
204
211
274
230
224
270
227
226
217
219
201
163
140
139
140
139
138
138
154
177
143
141
141
175
155
144
176
142
178
194
145
164
167
179
273
211
148
146
161
151
148
149
149
148
173
147
150
148
149
149
163
181
149
150
150
150
161
149
149
196
180
222
183
184
159
171
184
171
153
185
189
186
188
188
230
168
194
161
160
175
229
249
182
187
147
179
147
148
173
152
210
181
151
151
168
168
183
225
171
156
185
167
165
152
163
153
152
151
167
154
154
166
155
237
225
221
226
227
229
225
251
183
175
161
222
205
183
167
181
170
206
178
192
160
182
161
208
161
189
159
1771
173
196
180
166
165
164
164
177
168
166
166
211
181
169
670
173
169
199
199
203
175
173
192
178
196
180
201
170
172
267
181
172
201
170
190
173
172
200
171
177
174
172
174
173
188
175
174
174
173
252
177
175
203
187
178
187
177
205
191
178
177
176
177
215
181
178
179
179
222
178
240
182
231
182
181
181
182
225
184
183
194
198
187
186
213
185
228
198
188
264
178
176
157
157
175
169
231
436
132
121
125
151
185
130
97
130
98
116
148
136
134
98
98
115
132
99
103
99
104
141
122
165
93
127
149
107
94
145
94
95
173
121
161
140
99
97
126
125
152
107
124
103
1028
133
137
144
115
174
228
138
121
216
160
160
149
130
170
190
119
149
124
123
158
152
123
193
156
162
126
158
144
131
140
162
130
135
175
131
130
130
130
164
189
134
134
133
165
142
147
169
136
137
136
137
149
140
138
138
139
139
145
152
140
175
142
142
141
226
145
143
176
142
203
188
145
145
145
192
148
146
146
145
147
162
150
160
157
179
175
163
156
153
156
176
155
222
172
174
222
186
165
149
149
197
181
221
182
196
154
152
182
162
167
188
188
188
189
198
192
160
193
174
164
164
250
179
200
180
148
180
149
151
167
150
226
181
164
152
152
152
183
227
155
154
186
164
152
151
151
151
166
154
153
153
164
166
158
188
156
157
179
161
158
158
158
159
171
173
225
227
163
161
163
209
252
202
220
171
174
158
204
162
191
160
1746
165
196
178
166
164
164
165
181
169
178
176
198
181
170
697
172
171
210
212
174
173
172
173
172
285
181
200
196
176
173
172
189
203
187
175
175
174
212
186
177
175
175
175
187
185
174
174
175
192
247
213
183
231
181
210
178
193
210
180
179
178
191
181
179
179
179
227
181
210
179
211
184
230
181
183
195
185
212
195
197
187
186
186
187
227
188
217
199
200
197
147
147
146
156
162
150
164
437
181
136
161
171
191
138
130
61
39
38
232
163
162
466
157
171
254
217
1178
260
248
197
658
225
246
251
254
238
204
221
243
210
512
1235
650
240
208
215
311
223
235
328
205
592
226
226
234
1321
239
295
234
698
235
318
315
245
744
827
2248
1253
1099
302
1138
309
1513
945
333
241
491
310
415
315
565
311
832
1602
1256
263
861
1005
1031
661
319
249
250
249
299
289
782
319
588
317
297
756
335
1084
681
259
748
343
880
288
272
768
241
1158
2105
354
1292
567
328
291
271
300
286
1513
275
800
324
599
270
441
245
267
318
899
444
284
267
267
1062
480
310
262
289
366
268
520
665
268
247
268
317
252
282
264
849
834
280
302
329
374
331
274
300
331
1069
333
384
273
285
272
276
303
334
259
842
494
279
285
279
597
572
1943
339
361
535
505
509
378
479
650
287
311
295
501
263
495
317
502
311
270
272
654
1885
344
456
629
370
934
348
292
286
504
303
774
291
538
327
270
315
607
336
329
372
1509
795
431
549
286
279
845
818
297
287
680
290
384
473
663
270
678
791
271
817
293
573
502
504
311
500
285
799
650
485
638
310
943
593
343
617
280
308
324
298
376
309
329
280
768
966
315
554
308
313
600
347
668
328
313
378
680
341
561
409
309
353
310
354
522
490
361
344
705
361
2775
716
731
571
369
314
375
317
524
909
699
318
643
368
522
334
350
409
906
382
533
346
578
729
1018
379
753
338
556
345
381
316
318
347
431
339
320
306
447
342
350
385
348
341
306
347
307
371
323
388
1368
651
318
324
307
350
335
369
604
664
330
382
329
1049
676
603
371
522
1038
1290
545
353
306
557
433
367
491
624
694
410
415
454
1151
3678
953
369
337
346
316
364
353
317
336
405
345
500
1039
332
366
369
631
360
619
478
323
658
423
383
360
358
367
661
346
446
527
1426
1141
731
661
425
344
425
415
444
371
896
422
1265
427
888
2758
382
450
417
752
552
607
665
385
461
952
377
899
582
396
764
1422
456
410
814
529
708
852
793
628
436
790
968
789
665
576
953
519
418
858
401
636
1090
444
494
912
859
1052
609
938
613
476
458
396
545
413
1005
1001
739
447
2469
1197
461
409
565
813
1466
428
426
495
409
973
966
446
711
436
478
479
1842
607
931
747
599
591
1033
895
470
657
920
926
651
798
720
450
768
565
462
435
546
437
459
446
929
679
652
668
661
737
794
457
832
760
551
985
529
454
632
1239
467
534
460
545
699
756
497
770
479
467
597
867
471
478
470
480
887
565
543
501
432
545
431
481
694
1383
478
463
467
552
773
610
952
524
472
1214
473
484
531
472
538
978
733
501
898
479
561
983
877
680
477
478
476
474
553
774
728
843
483
494
468
547
468
822
468
642
495
481
480
468
480
474
1174
522
1001
551
608
567
797
595
554
456
494
516
493
482
463
479
477
494
727
483
487
465
471
2691
964
475
473
470
482
487
676
829
503
497
1011
474
530
556
497
500
523
535
491
505
676
976
913
482
1125
1138
1086
605
935
506
701
499
749
2372
1226
550
479
549
527
501
743
517
717
521
572
515
579
561
1190
1067
828
1621
926
735
506
520
475
786
2308
536
497
855
649
600
665
1271
10670
573
638
624
488
498
758
735
1940
566
488
528
510
534
806
608
512
751
531
526
525
584
759
874
711
1099
587
708
572
519
551
1940
775
729
860
520
946
543
534
532
811
838
536
665
535
532
548
785
618
1038
907
833
648
852
529
726
540
578
539
527
1631
592
1131
580
541
584
530
523
582
904
586
537
757
664
621
680
835
903
1252
790
600
584
1529
1139
747
1003
552
540
602
945
545
1248
543
918
1398
1765
736
726
637
1076
556
974
601
628
1472
730
981
584
582
606
994
640
1019
1197
778
603
557
582
884
561
567
627
1106
561
570
758
613
739
1178
576
593
564
926
1330
890
634
580
1041
773
1186
585
599
1332
781
1182
1193
954
575
1293
575
1111
1180
807
921
793
665
595
11792
774
812
1196
668
837
842
594
1238
785
1206
838
633
803
1176
607
618
621
1027
1028
684
624
950
1066
524
792
604
855
794
632
575
886
662
518
612
556
516
509
650
592
566
671
649
640
595
777
1135
634
761
825
653
577
617
1252
551
570
574
1410
927
767
652
553
723
791
607
767
666
758
1228
770
594
630
752
645
885
571
647
865
571
657
556
750
627
838
620
779
693
1658
634
626
662
721
621
641
946
563
582
562
991
1161
814
612
602
1124
651
836
730
568
630
573
550
663
639
592
3182
599
813
594
853
1093
570
605
1149
686
1911
713
750
701
915
1417
570
632
686
573
590
673
582
663
601
587
711
714
639
610
677
1106
791
1192
693
617
938
879
964
678
626
1009
810
709
715
1673
718
1134
1427
1204
876
871
741
933
825
712
618
806
895
920
750
939
749
797
717
1711
1416
994
761
638
940
696
1354
936
847
1462
853
672
763
666
628
654
891
801
867
1495
647
828
1378
645
1231
1171
673
647
837
842
920
1012
645
719
959
1099
1327
704
937
780
639
749
880
1040
958
663
640
744
653
1173
1621
865
1096
958
834
662
1031
880
647
995
788
772
661
748
797
1139
780
673
996
954
884
733
1163
834
744
814
974
667
1399
981
652
769
676
673
956
675
817
1206
697
800
1193
914
1137
4050
900
951
692
1137
1026
786
1155
754
687
938
1078
833
753
1305
2192
1282
1067
2588
975
1280
933
865
1019
1823
1394
1062
1412
879
966
871
995
695
732
682
1094
875
6692
882
727
728
1248
717
863
679
1157
1089
662
881
894
861
1409
1891
689
703
690
909
769
752
1612
996
795
7224
795
807
1681
1031
865
2673
1064
843
823
996
726
1190
1655
1969
752
812
730
1291
893
1483
735
719
1328
754
1131
1436
831
864
1003
1327
1123
938
807
1481
874
1401
1247
717
1006
760
825
863
757
869
953
834
746
928
1295
1254
1036
1017
1474
749
792
1072
748
785
860
757
1554
869
1270
895
865
1120
752
1206
1366
1233
748
760
737
739
760
960
795
2051
843
1083
754
846
743
1449
1533
1773
761
758
758
747
748
779
1270
1225
917
1063
1039
984
866
955
848
844
916
846
750
1296
1041
853
1964
871
1237
860
868
782
1081
758
951
767
1030
892
2148
759
756
1019
1775
1159
1228
1374
1231
1348
780
1002
1364
859
1095
1168
973
2089
1278
778
1424
1247
1036
785
992
870
1425
1003
1297
769
795
1229
1363
887
799
807
797
779
914
800
1111
1251
1924
1165
1467
1154
2572
1117
813
827
1549
825
827
1446
1009
1588
1083
1874
1921
1227
850
947
806
819
936
843
1034
824
842
1103
849
896
813
821
899
817
991
943
1739
828
1275
812
1235
902
831
936
1291
1017
1415
809
1031
1279
1188
1140
814
1149
811
812
921
1092
826
1350
1020
1058
810
823
974
1036
924
1102
791
807
1094
809
1115
1124
912
802
1072
1457
1322
878
1428
1001
1482
824
895
893
885
1206
832
898
912
1204
1213
962
1212
906
1745
1202
1106
812
1531
1261
851
839
1667
1045
1203
1000
1181
882
999
892
1592
881
1655
1353
1026
1032
1138
1227
955
919
1199
1059
1573
1524
898
1167
1503
841
847
1501
1063
1131
1136
1019
1450
834
901
1362
811
1091
865
1556
802
840
786
805
1706
1140
942
1184
842
1078
1541
879
1163
1116
902
907
851
826
1158
1047
1172
945
833
830
1400
942
917
903
2291
1252
1014
1099
940
1537
871
1016
1305
1136
6252
975
1366
843
1317
1036
1048
857
1211
839
1104
1050
884
921
1139
993
1187
854
1080
882
1121
859
1101
856
1517
1039
1290
1046
890
877
906
961
932
874
980
862
1035
946
880
1735
1254
1716
1461
1310
1240
870
1107
1105
994
1126
956
1211
1970
1387
1090
972
958
1075
1122
1329
2123
948
2044
1176
1357
1068
915
1079
896
884
964
1128
893
881
1399
1105
1043
971
10492
1327
1098
929
875
967
1092
907
869
876
974
898
880
897
922
868
869
882
897
928
911
1510
1021
880
1424
1645
994
1059
1624
2276
1352
976
1207
829
1301
958
966
798
907
1321
904
1150
805
1104
1164
1081
997
3055
1014
891
665
745
666
989
685
635
885
1449
895
1135
1133
741
569
617
890
684
819
646
658
615
644
812
602
589
1074
602
844
605
590
623
1249
840
706
845
771
759
741
573
625
1067
561
783
480
504
659
482
1103
448
399
319
288
343
545
806
837
286
293
293
284
307
251
311
257
270
280
250
249
263
448
411
256
204
264
216
218
200
192
190
188
215
228
191
189
199
199
191
206
232
205
222
202
191
193
218
199
197
198
210
200
199
219
322
211
237
206
305
217
207
250
222
241
236
254
214
243
254
296
244
281
259
248
230
246
465
253
218
268
252
234
328
286
225
270
256
223
222
298
224
223
223
266
225
225
277
257
265
255
242
231
228
229
241
259
257
268
240
228
254
242
231
260
278
294
260
270
264
233
256
244
294
234
240
265
262
236
248
239
246
274
489
267
258
242
237
240
251
266
240
264
243
239
266
253
241
253
243
291
244
242
255
248
272
242
284
271
297
304
248
243
271
287
268
268
257
247
245
258
263
276
251
341
260
269
253
251
276
319
876
285
283
352
418
285
377
258
284
281
260
285
387
244
276
263
269
292
246
264
270
638
281
244
325
284
291
305
286
247
283
248
323
259
314
272
273
274
449
262
282
383
651
296
287
258
257
432
323
287
261
257
281
263
260
260
312
263
262
331
262
262
274
295
273
286
266
265
298
311
298
268
281
269
311
282
308
326
282
272
281
283
330
270
298
272
283
301
284
303
272
286
274
334
309
276
298
541
604
279
305
318
281
308
335
309
279
292
312
333
328
316
856
285
295
287
317
285
319
286
285
330
328
298
292
320
299
294
321
321
295
322
319
294
344
305
327
336
308
322
287
430
474
426
337
315
343
292
289
304
307
307
296
325
338
298
296
310
298
344
309
299
323
337
298
296
308
298
306
337
325
322
325
328
311
353
328
361
332
322
358
325
381
308
301
629
471
342
321
319
305
342
331
330
422
1176
398
322
311
324
312
310
325
312
346
326
311
333
329
351
346
332
338
322
335
325
323
348
373
335
325
340
424
830
381
329
362
571
380
362
415
374
435
376
387
384
347
395
383
407
361
350
842
345
387
377
358
345
427
396
379
407
411
359
457
448
362
575
454
367
364
401
413
380
426
377
484
367
382
412
395
413
392
374
456
385
372
393
413
373
382
374
394
391
393
383
422
395
425
402
463
485
400
428
513
475
407
1173
441
416
407
458
444
455
398
411
445
439
458
469
420
431
409
407
456
515
458
467
463
469
468
557
463
425
414
517
523
477
424
474
417
449
464
414
454
464
429
416
429
426
431
419
446
464
477
428
434
423
482
470
435
467
461
477
537
431
495
428
489
478
450
429
442
443
444
480
492
433
474
433
444
483
505
476
441
430
486
433
443
429
524
430
428
432
437
487
430
491
488
436
487
444
457
480
464
480
491
481
450
440
438
494
482
495
440
453
453
447
440
506
453
444
454
457
443
456
444
457
460
521
467
456
467
470
457
469
470
497
459
564
538
541
566
546
514
520
486
478
502
484
530
493
485
497
472
516
479
482
472
533
1283
553
485
498
484
498
495
499
526
501
484
534
486
536
556
498
502
522
532
493
503
491
582
516
495
508
537
645
579
552
515
460
490
486
840
512
487
466
489
521
468
505
454
472
457
505
463
469
455
467
488
470
498
469
457
501
460
551
597
826
478
463
512
463
520
502
478
504
490
539
518
469
481
500
471
557
470
482
478
484
469
534
529
503
560
500
541
1368
2048
1894
2003
1897
1995
2045
2053
1864
1858
1928
2020
1884
1906
1900
989
916
919
801
532
609
556
520
624
541
534
623
734
783
596
707
578
490
498
507
540
488
698
507
497
539
527
505
528
514
529
502
505
554
534
522
534
559
535
522
576
559
585
639
625
592
602
709
716
603
613
557
572
608
597
618
661
585
597
650
600
607
600
619
605
594
642
650
656
704
593
693
608
542
614
565
545
565
567
543
542
545
525
557
556
531
585
573
553
535
568
552
574
1002
1981
2320
1886
1892
1825
1935
1831
1866
2357
1983
2149
1908
1903
2042
2129
1995
1972
1970
1912
1908
1923
2196
2144
2127
2052
1893
2126
2012
6550
820
773
917
868
865
762
724
783
797
674
687
664
602
615
629
603
615
661
604
620
590
748
752
491
553
569
532
545
544
534
502
491
502
535
533
510
506
541
550
509
542
510
542
516
559
559
571
510
640
580
512
522
565
524
511
539
519
520
514
580
529
579
579
516
528
569
522
582
572
532
520
573
590
586
638
595
567
534
563
537
533
563
533
517
574
707
2337
2152
2147
2111
2679
2203
2086
2080
2096
2097
2207
2295
2120
1003
852
813
948
846
915
713
679
746
700
681
811
651
684
1334
644
639
633
643
573
560
572
572
562
685
569
626
628
545
651
556
545
646
563
547
605
547
612
564
551
637
605
565
565
572
617
620
619
627
570
613
625
572
628
574
618
581
726
669
710
672
658
574
710
591
573
654
658
582
596
591
637
677
660
584
659
662
581
659
664
583
668
696
611
691
629
665
601
624
651
606
615
665
592
609
592
609
610
591
663
608
592
668
625
603
748
611
595
607
594
671
612
597
612
668
597
673
612
597
625
615
668
620
617
658
613
617
663
703
688
720
694
622
605
635
619
697
607
621
678
664
681
624
676
627
686
672
662
661
671
625
676
613
673
685
636
672
644
690
675
634
690
636
629
703
636
619
691
639
677
698
697
622
1694
648
689
647
710
717
669
697
681
642
670
650
682
680
620
632
620
704
732
799
683
624
803
693
691
687
627
639
626
687
643
628
638
639
616
848
783
2382
748
1860
2728
2768
2569
2689
2698
2739
2747
2671
2806
2807
1179
1106
1162
1022
1016
863
852
927
927
875
844
848
3022
845
782
845
777
690
1274
769
1140
942
748
675
732
772
1000
661
729
697
746
661
839
835
721
738
666
680
733
885
723
671
734
691
681
770
801
772
703
766
725
763
720
797
752
742
814
723
735
725
787
787
806
744
748
824
755
767
841
747
759
737
776
847
772
829
830
819
892
791
895
844
785
771
782
777
805
771
779
1042
916
751
713
698
786
715
987
715
756
735
725
722
702
736
752
773
731
701
718
854
745
786
708
783
779
733
796
711
788
796
787
794
733
736
790
733
728
770
735
762
733
798
774
967
734
737
735
737
776
787
748
798
722
742
801
800
749
815
729
887
802
741
759
780
787
798
754
745
810
789
743
798
747
752
742
805
749
749
741
803
764
751
749
792
800
839
733
853
814
794
733
750
742
882
742
726
800
753
927
763
869
849
766
776
824
749
822
813
785
906
824
779
801
896
799
767
758
1241
1091
765
759
875
756
831
766
869
803
760
816
766
759
790
741
756
1177
1026
759
763
818
795
754
759
936
750
815
754
812
753
739
811
753
1124
826
755
753
788
753
758
825
804
769
757
806
799
805
748
747
806
770
807
1003
830
776
750
808
871
904
860
825
762
755
771
861
767
779
804
860
781
768
952
956
769
804
786
804
771
784
867
864
1115
775
810
782
793
793
803
843
843
854
995
898
878
884
1221
798
791
869
893
850
828
824
986
775
815
790
886
802
805
847
817
810
765
797
862
856
864
829
800
808
897
789
833
920
858
841
797
796
890
802
780
845
798
810
843
799
800
791
1047
804
875
849
2150
3389
3074
3502
3318
3243
9217
2718
1442
1227
1287
1139
1088
1068
1116
1034
936
1005
941
1012
940
829
901
845
888
860
846
816
820
793
840
850
811
808
830
809
837
930
868
813
855
812
812
853
818
859
816
856
860
885
862
818
819
860
865
1051
1108
840
923
873
887
917
872
840
887
873
921
866
1278
838
861
826
927
842
843
839
894
841
842
842
918
871
841
841
3167
888
1042
865
849
885
858
848
849
866
848
849
836
849
884
2490
3390
3352
3330
3541
3351
3716
3437
3560
3687
3831
3971
3477
4110
3815
1941
1823
1720
1743
1908
1848
1654
1641
1642
1790
1862
1881
773
817
731
765
760
1157
923
781
662
622
637
688
622
640
692
673
711
598
663
602
574
590
658
598
588
649
635
576
637
577
593
605
623
592
595
580
596
597
636
606
615
596
583
556
555
538
588
527
520
482
481
463
447
453
482
374
341
279
285
325
319
282
461
330
304
261
302
343
265
280
267
267
254
263
272
272
266
282
282
207
251
220
262
196
195
195
207
223
220
206
210
196
193
192
210
257
211
215
195
211
210
202
202
216
204
206
213
315
212
308
215
248
223
246
249
216
247
215
261
253
249
240
253
251
264
267
254
263
268
225
255
258
272
228
260
285
232
291
306
235
267
286
232
230
260
242
243
232
261
244
234
272
273
266
263
235
261
239
237
236
279
268
273
293
240
263
236
251
270
278
309
270
270
282
264
259
247
288
237
235
275
264
238
249
240
247
262
313
267
240
269
243
240
240
279
243
242
253
316
267
240
253
241
240
293
248
244
248
267
292
245
284
274
299
284
251
248
274
401
275
271
260
247
247
288
271
280
253
343
260
250
254
253
287
323
873
286
285
273
272
289
285
263
296
258
272
288
355
255
276
240
281
272
244
244
280
656
273
244
316
284
271
284
276
246
272
329
434
349
379
283
275
273
449
261
282
295
636
297
287
267
279
261
285
262
261
259
269
273
262
258
301
263
262
330
263
262
262
315
264
277
278
267
264
306
307
268
300
271
300
269
314
329
270
425
281
294
332
270
299
273
272
303
286
305
274
322
275
303
286
278
312
322
309
278
321
310
279
321
297
308
295
283
311
341
349
319
919
301
289
286
340
285
328
287
297
321
318
300
467
318
310
291
320
340
300
319
293
288
320
309
326
339
294
291
309
322
311
300
289
311
335
298
288
316
294
291
308
324
292
308
295
303
340
326
294
352
323
360
299
292
293
310
296
335
481
347
302
326
349
364
370
333
332
329
345
323
344
308
315
376
322
348
328
375
309
327
341
332
363
1365
547
326
322
312
311
323
309
312
323
315
313
434
332
332
350
357
327
324
353
326
325
325
372
351
329
350
346
551
328
326
361
529
391
364
409
378
351
387
378
422
351
382
412
386
364
352
849
355
408
390
374
356
387
403
416
376
431
368
420
386
386
393
426
404
385
412
452
406
438
385
521
394
400
432
422
444
420
390
432
567
524
510
622
585
581
589
559
572
550
576
730
696
757
436
406
550
418
475
409
486
425
1275
599
442
447
480
495
481
441
421
477
434
502
522
429
427
448
429
491
498
504
511
493
504
493
508
495
457
451
558
448
528
479
555
447
456
498
462
447
510
448
461
455
447
446
450
439
503
496
444
438
454
560
522
489
504
466
505
471
458
541
462
548
536
467
476
467
478
467
543
523
525
499
483
469
537
521
549
480
466
525
463
474
465
567
465
489
467
491
514
483
515
524
514
590
492
473
534
475
534
555
537
534
490
515
524
536
523
507
475
491
499
491
539
481
493
482
504
481
494
487
505
482
514
480
492
528
512
501
495
500
542
482
585
540
543
568
575
560
543
489
501
517
495
552
513
519
484
504
551
496
557
484
498
1292
548
501
544
502
511
473
517
525
500
510
538
515
557
553
506
515
562
523
503
488
514
572
510
480
568
574
520
562
548
525
514
527
565
957
557
571
520
571
527
535
603
503
533
507
562
510
546
535
548
585
525
691
504
518
476
536
505
508
836
477
464
513
470
592
504
481
516
483
538
517
467
490
483
469
566
470
497
484
676
480
529
531
474
524
476
487
493
531
480
529
480
530
519
485
503
494
494
523
495
483
570
484
534
497
543
540
556
534
514
594
541
537
570
564
556
559
581
567
545
558
554
591
576
633
566
559
585
596
586
618
627
612
571
590
588
564
565
552
628
556
572
594
567
620
673
625
631
586
650
665
588
614
603
662
651
627
596
551
531
503
617
572
506
520
540
527
520
542
573
545
627
532
546
525
513
600
585
526
530
553
710
663
525
534
537
538
525
582
579
528
538
529
540
579
544
542
530
588
528
543
531
535
566
576
657
573
535
1027
2133
2069
2012
1908
1895
2063
1981
2367
2504
2302
2236
2261
2180
1110
866
4071
604
734
658
832
608
658
627
788
741
583
571
582
584
570
692
589
575
747
585
616
714
734
757
504
517
525
532
522
534
520
491
478
490
552
492
502
495
805
1263
1192
1221
1142
1281
1144
1250
1254
1306
1144
1278
1324
1164
1151
1287
1147
1182
1158
1181
1163
1154
1265
1155
1130
857
903
806
882
818
799
764
703
682
763
754
718
597
678
671
600
667
612
617
594
672
547
598
550
627
595
613
525
598
570
538
527
538
540
528
584
572
583
546
529
632
551
641
562
538
631
529
540
543
529
579
1132
560
544
557
608
545
556
545
554
561
655
556
615
605
562
651
545
557
592
587
558
604
563
601
564
564
614
615
566
554
582
608
621
624
613
571
628
613
600
643
574
670
600
634
762
724
656
649
594
716
576
592
660
641
598
611
593
657
659
645
598
663
645
607
665
660
725
604
645
600
686
584
664
602
586
660
607
588
665
604
602
606
588
1510
1557
1767
1535
1539
1641
1554
1550
1667
1522
1529
1500
1697
1764
1513
1527
1661
1659
1050
1031
928
968
1056
993
1416
841
824
884
753
709
780
729
822
848
753
626
636
639
642
701
642
636
783
776
685
623
681
623
668
682
624
610
672
646
648
615
683
686
613
684
639
675
690
636
749
653
636
703
619
645
709
620
705
693
695
650
1569
644
683
647
698
699
678
694
677
635
765
648
697
699
648
645
629
697
735
769
696
653
711
702
690
707
642
663
654
704
654
638
706
659
644
685
700
2369
735
690
675
739
657
638
657
650
647
658
698
687
699
710
968
955
913
926
954
1076
1025
1061
955
742
2367
669
735
741
745
674
1151
703
745
762
675
679
691
743
729
701
745
694
734
699
763
697
692
756
700
695
737
782
764
701
772
686
702
772
774
742
688
754
704
741
702
763
708
704
746
709
723
773
746
705
706
704
689
773
707
709
745
708
707
706
723
762
709
768
761
777
820
880
811
778
692
677
705
693
677
693
742
696
735
695
695
699
735
695
964
708
738
692
720
703
705
689
704
759
716
689
701
757
760
764
705
774
764
712
751
707
783
1016
928
773
715
716
780
717
721
769
700
726
716
775
754
942
731
726
719
701
778
905
734
772
703
728
775
771
713
775
744
778
780
707
772
777
774
778
708
719
811
867
724
775
728
746
730
782
713
730
727
712
737
731
729
854
787
773
737
866
797
1020
745
748
724
799
739
739
793
755
804
747
860
864
732
848
852
768
748
790
744
1000
774
737
754
871
764
768
735
814
755
756
782
892
740
819
767
871
818
866
820
736
755
801
752
751
751
793
750
749
821
757
738
740
833
756
838
749
789
1182
749
801
751
751
802
739
753
798
774
752
788
801
753
754
802
790
806
763
949
811
771
821
793
750
760
760
807
818
794
812
838
766
798
775
852
837
779
910
824
781
768
876
785
786
851
803
793
801
811
914
840
1175
840
865
819
916
875
856
869
901
886
899
872
837
931
1280
841
825
894
935
914
902
924
1038
766
799
779
764
843
763
832
785
946
821
753
841
818
873
806
789
1210
1418
992
922
894
929
875
797
779
881
836
782
819
783
783
827
772
1048
1078
1206
926
885
862
841
874
836
904
835
837
2426
846
878
1053
1035
919
811
893
844
822
806
875
797
848
848
811
854
820
852
920
1172
871
865
1057
865
857
821
816
825
795
858
806
860
821
878
821
822
1012
990
1034
952
1217
1063
917
862
841
830
868
869
871
871
864
912
1033
876
875
858
844
913
869
916
876
1292
850
826
837
837
837
868
874
1275
1942
1865
1827
1985
1829
1826
1806
7009
1978
1836
1850
1823
1944
2054
1898
1851
1852
1834
1875
1829
1814
1993
1843
1845
1858
1838
1917
1821
1408
1326
1358
1210
1145
951
948
897
975
950
878
816
798
891
877
799
812
789
868
778
814
840
811
735
866
774
1135
706
630
723
608
620
683
606
618
651
655
666
581
609
590
562
575
622
564
575
616
603
575
603
1156
827
593
623
563
590
564
580
577
547
599
598
583
557
544
524
548
575
690
579
461
493
451
433
441
454
361
348
295
266
316
299
263
431
263
252
250
297
307
249
272
254
250
244
243
264
250
240
272
956
945
851
434
382
436
346
416
349
146
126
126
960
902
891
1565
1894
2043
1860
1067
1994
2369
2748
1582
1041
1323
985
937
955
876
926
1095
1011
1753
4141
949
1986
1463
1407
1583
1014
1697
1069
2614
954
1715
1286
1621
2376
1062
1360
3240
1380
917
2555
1072
1224
2008
2612
1490
990
2131
2339
2640
1191
1055
2167
1018
1927
2341
2355
1035
969
2408
2148
1111
1455
947
1021
994
995
961
1697
1260
947
1235
1441
1577
1190
951
935
948
1037
1102
1001
1043
965
1027
1016
1525
931
1019
955
1194
960
1006
1260
1024
928
1087
1057
956
978
1233
1269
935
1448
1087
1792
1016
1063
1067
954
978
1508
1061
1174
1083
1026
1026
1290
1129
963
959
985
1010
962
1639
1751
1627
1173
1486
990
987
1184
1143
1193
1117
1805
2954
1132
1025
1083
1668
1156
1563
1680
1368
1385
1196
1617
1074
1466
1671
1303
1011
1012
1519
1274
1310
1249
1626
1428
1173
1416
1317
1108
1224
1474
1115
1175
1298
1400
1587
1631
1225
1186
1653
1206
1177
1201
1276
1099
1094
1095
1189
1486
1176
2373
2081
1262
1859
1413
1312
1819
1033
1503
1511
1426
1149
1220
1325
1759
1248
1704
1769
1335
1111
1062
1449
1352
2390
1275
1062
1326
1129
1320
1099
1084
1271
1136
1037
1028
1040
1249
1360
1271
1539
1507
1801
1169
1077
1348
1345
1445
1496
1412
1643
1034
1845
1328
1625
1728
1040
1354
1258
1502
1011
1031
1220
1077
1552
1241
937
896
1087
1017
898
936
937
965
974
903
941
921
926
908
907
908
955
976
956
917
913
899
974
904
964
987
1082
951
925
927
907
908
1038
967
969
951
1211
933
970
973
973
1033
978
927
980
974
945
927
973
976
975
937
979
943
935
956
921
1086
925
954
960
928
963
1103
1023
932
977
971
902
960
947
917
901
1010
922
915
973
966
977
969
930
966
965
966
918
996
950
907
918
1390
1001
977
917
968
965
917
936
978
920
921
1018
970
971
1222
976
984
927
924
987
976
927
978
978
978
968
1043
929
930
1307
1224
1312
1319
1331
1597
993
1030
938
947
938
937
936
1014
1035
1302
936
984
984
937
947
986
1039
966
938
947
953
989
987
1145
999
941
943
940
950
996
991
1041
991
996
1022
996
999
1039
1564
1113
1031
1008
960
1105
961
994
1007
1019
1061
1012
964
1006
1146
1345
1017
1003
1012
1006
1047
1066
964
1008
1009
973
1009
979
1026
1426
990
1017
971
1009
1052
972
1012
1025
973
1017
977
1036
1020
1497
1103
974
1047
1014
1012
973
1012
1026
1013
971
974
1011
1126
1087
1047
1028
1096
1093
972
981
964
1102
1012
1028
954
1023
974
1117
1097
989
1031
969
965
1019
953
972
991
969
1009
1008
1173
1970
2015
2190
2215
2005
2077
2340
2115
2144
2005
2018
2016
1989
2163
1475
1434
1428
1405
1234
1177
1190
1165
1118
1052
1099
1151
1061
951
937
958
944
888
1032
933
949
936
1162
879
933
921
964
1138
986
917
937
945
897
886
946
947
947
918
959
904
903
949
1177
935
915
969
960
911
988
914
983
912
958
961
914
963
3262
3224
3185
3275
3189
4023
4267
3811
2336
1525
1516
1474
1325
1304
1234
1172
1134
1092
1084
1076
1015
1105
1109
1049
968
930
920
995
922
925
1023
974
986
945
987
976
926
940
1112
988
934
981
998
982
943
1038
987
949
934
933
967
981
962
1155
1149
1123
1056
1106
1039
990
987
1021
1109
1366
985
986
1053
1046
1020
1065
1114
1015
1036
1050
1013
1067
1114
1127
1088
1048
1015
1130
1026
1033
1114
1155
1025
1115
1136
1110
1110
1039
1109
1120
1138
1237
1133
1251
1085
1075
1119
1117
1136
1097
1050
1087
1121
1126
1113
1115
1099
1125
1163
1183
1102
1129
1120
1086
1134
1079
1126
1079
1075
1190
1110
1131
1130
1093
1130
1130
1098
1129
1100
1141
1139
1688
1261
1107
1060
1038
1046
1010
1032
1032
1032
996
1006
1008
994
1072
984
982
1041
1030
993
954
960
1014
1004
1018
963
1025
1016
1094
1151
1020
1039
969
963
1006
951
948
962
948
996
1099
5436
2672
1785
1789
1107
17246
4077
4067
3988
3525
2989
2074
1812
2315
2501
1350
2830
1633
1468
1159
1310
1107
1099
1050
1959
1079
1119
1170
1210
1355
2755
2064
2247
1561
2422
1123
1130
1979
2085
1625
1408
2108
1089
1282
1149
1176
1110
1257
1347
1263
1073
1268
1179
1299
1403
1055
1271
1093
1135
1110
1322
1148
1276
1721
1484
1485
1449
1064
1869
1208
1141
1075
1157
1081
1346
1140
1073
1159
1148
1293
1076
1103
1074
1361
1101
1216
1161
1126
1585
1155
1296
1552
1153
1454
1137
1181
1117
1056
1053
1134
1390
1071
1081
1072
1367
1148
1384
1163
1174
1225
1150
1220
1101
1308
1336
1498
2079
1720
1166
1138
1899
1210
1106
1071
1349
1555
1448
1540
1119
1240
1236
1418
1342
1217
1070
1291
1133
1651
1482
1300
1539
1136
1232
1170
1293
1083
2386
1557
1730
1850
1249
1545
1494
2339
2025
1161
1341
1950
1460
1565
1147
1392
2412
1467
1855
1159
1399
1565
1203
1388
1189
1292
1385
1422
1398
1399
1172
1124
1119
1179
1135
1122
1172
1137
1506
1198
1224
1604
1152
1167
1897
1215
1733
1287
1175
1680
1531
1651
1252
1187
1702
1186
1133
1214
1239
1160
1245
1558
1495
1249
1178
1141
1180
1166
1186
1191
1146
1207
1671
1267
1220
1193
1214
1159
1213
1213
1212
1539
1174
1405
1278
1221
1422
1347
1528
1202
1561
1231
1613
1381
1159
1188
1235
1251
1277
1241
1925
1627
1314
1440
1178
1646
1361
1753
1206
1517
1200
1384
1431
1211
1223
1530
1469
1760
2096
1367
1877
1648
1663
1247
1677
2021
1791
1264
1461
1224
1667
1408
1466
1309
1273
1365
1272
1684
1478
1233
1192
1733
1428
1292
1996
1238
1686
1420
1719
1458
1387
1368
1460
1440
1240
1315
1294
1208
1464
1213
1269
1587
1228
1206
1182
1194
1181
1592
1678
1451
1199
2093
1396
1190
1241
1193
1282
1441
1868
1271
1282
1337
1486
1761
1533
1574
1293
1276
1249
1407
1226
1209
1246
1300
1192
1243
1208
1213
1401
1196
1198
1454
1341
1257
1196
1189
1958
1615
1852
1295
1471
1381
1206
1463
1530
1227
1382
1373
1220
1224
1252
1421
1608
1403
1202
1622
1245
1956
1808
1893
1850
1646
1213
1274
1201
1218
1220
2113
1311
1226
1384
1243
1214
1212
1296
1226
1378
1232
1408
1811
1436
1367
1241
1290
1266
1224
1787
1230
1266
1279
1884
1304
2771
1257
1309
1245
1257
1673
1245
1258
1759
2619
1280
1260
1242
2232
2711
1790
2410
1396
1269
3128
3686
2586
1270
1313
2578
1318
2263
1815
1404
1330
1359
1362
1269
1916
1395
1583
1363
1245
1259
1499
1339
1332
1262
1335
1359
1477
1541
1282
1266
1694
2212
1992
1292
1288
1399
1554
1690
1285
1600
1254
1263
1255
1401
1385
1231
1287
1404
1297
9475
1075
939
931
1339
1300
1099
1038
989
1886
993
1011
995
1047
1050
981
994
993
1038
1159
1065
999
1068
994
997
1035
1043
1001
1035
1034
1037
1020
1045
1047
1155
1051
1096
1116
1118
1023
1053
1044
1105
1085
1144
1155
1083
1070
1265
1507
1344
1174
1136
1108
1112
1099
1147
1139
1151
1094
1128
1245
1169
1052
1043
1076
1014
1051
1049
1096
1022
1019
1186
1055
1026
1157
1063
1019
1016
1052
1017
1057
1055
1067
1022
1242
1057
1062
1021
1157
1047
2748
3115
3182
3107
3623
3522
3364
3435
3500
3118
3074
3037
3209
3324
3171
3128
3293
3251
1713
1088
1077
1054
1038
1078
1041
1041
1050
1078
1103
1082
1140
1189
1122
1049
1084
1056
1047
1050
1050
1102
1085
1051
1052
1089
1104
1089
1123
1103
1078
1096
1126
1052
1053
1105
1103
1130
1093
1074
1057
1130
1365
1098
1081
1108
1133
1058
1112
1095
1062
1060
1172
1147
1149
1207
1158
1145
1112
1143
1104
1101
1128
1110
1079
1102
1066
1103
1082
1269
1112
1082
1140
1082
1108
1066
1081
1103
1090
1103
1066
1124
1744
1518
1179
1092
1098
1111
1089
1068
1096
1095
1080
1101
1069
1099
1226
1093
1075
1074
1078
1100
1118
1108
1113
1093
1084
1135
1087
1119
1263
1089
1133
1090
1100
1171
1141
1149
1097
1136
1128
1156
1170
1291
1169
1147
1114
1168
1140
1277
1153
1139
1151
1153
1119
1115
1834
1231
1168
1134
1155
1426
1435
1225
1168
1113
1165
1126
1398
1160
1281
1248
1270
1168
1150
1314
1184
1130
1363
1213
1124
1750
1449
1227
1116
1344
1229
1280
1137
1146
1130
1198
1131
1258
1221
1194
1132
1183
1171
1151
1150
1176
1182
1156
1173
1200
1250
1187
1154
1192
1141
1138
1145
1185
1142
1194
1192
1155
1240
1183
1181
1168
1180
1143
1155
1142
1153
1140
1219
1186
1199
1323
1292
1168
1165
1190
1163
1191
1203
1169
1205
1190
1204
1172
1375
1168
1214
1183
1199
1199
1160
1174
1162
1198
1172
1239
1259
1417
1321
1210
1191
1203
1256
1196
1261
1238
1265
1345
1351
1401
1276
1270
1285
1267
1310
1285
1274
1258
1285
1289
1276
1627
1299
1327
1391
1642
1548
1395
1412
1375
1394
1414
1608
1472
1401
1353
1357
1364
1391
1384
1349
1323
1363
1391
1382
1399
1329
1344
1303
1292
1316
1374
1309
1461
1365
1425
1341
1304
1260
1229
1241
1296
1228
1270
1248
1383
1252
1272
1331
1258
1248
1278
1274
1247
1265
1249
1241
1253
1360
1381
1345
1285
1343
1431
1286
1245
1319
1245
1255
1331
1269
1259
1311
1316
1294
1247
1304
1263
1264
1291
1251
1417
1358
1337
1320
1297
1350
1271
1333
1325
1267
1282
1294
1482
1401
1407
1501
1455
1296
1274
1273
1428
1241
1224
1442
1244
1251
1171
1183
1145
1283
4026
993
908
893
1295
1084
1588
1242
1009
1861
986
987
1188
1174
1064
1003
988
987
1323
1098
1050
997
1051
996
994
1036
1039
1002
1041
1000
1039
1003
1048
1542
1544
1171
1051
1056
1053
1009
1038
1007
1143
1016
1057
1047
1132
1033
1014
1066
1012
1056
1068
1015
1028
1016
1054
1050
1060
1006
1041
1191
1056
1093
1053
1069
1042
1091
1090
1092
1044
1046
1239
1086
1343
2599
2554
2468
2492
2575
2509
2875
2724
2588
2499
2602
2751
2740
2587
2533
2504
2591
2736
2659
2472
2500
2662
1052
1101
1127
1101
1116
1094
1092
1093
1060
1068
1071
1100
1102
1083
1116
1059
1141
1125
1085
1085
1075
1124
1113
1110
1104
1081
1117
1054
1106
1054
1154
1055
1052
1109
1101
1056
1066
1107
1098
1107
1058
1059
1057
1103
1133
1190
1066
1334
1123
1106
1116
1068
1078
1136
1068
1103
1066
1103
1911
1330
1469
1516
1244
1186
1193
1152
1115
1107
1068
1293
1084
1163
1103
1105
1156
1105
1105
1103
1080
1103
1069
1107
1108
1189
1086
1070
1117
1089
1069
1199
1073
1120
1069
1076
1057
1070
1075
1533
1136
1098
1070
1072
1125
1118
1084
1115
1073
1103
1107
1108
1152
1104
1109
1105
1153
1139
1122
1115
1118
1148
1116
1157
1161
1124
1205
1138
1132
1209
1152
1162
1122
1188
1190
1163
1172
1144
1136
1193
1170
1216
1196
1244
1168
1199
1238
1206
1181
1183
1224
1293
1383
1222
1198
1409
1190
1192
1204
1140
1201
1146
1219
1174
1272
1157
1146
1144
1171
1145
1185
1145
1404
1251
1161
1193
1193
1472
3712
4227
4079
4312
4029
4062
3980
3258
1813
1764
1632
1558
1459
1384
1406
1351
1329
1227
1260
1203
1204
1185
1151
1180
1144
1193
1160
1166
1305
2272
1971
2140
1714
1283
1185
1191
1144
1158
1271
1214
1166
1155
1141
1140
1190
1180
1183
1147
1235
1149
1154
1299
1638
1225
1185
1150
1197
1202
1153
1153
1165
1151
1188
1152
1444
1272
1174
1163
1174
1198
1170
1172
1214
1161
1182
1172
1165
1455
1580
1462
1420
1324
1217
1203
1180
1218
1183
1168
1172
1300
1250
1273
1199
1178
1188
1213
1190
1210
1179
1238
1294
1579
1307
1249
1291
1196
1226
1187
1195
1254
1275
1205
1278
1269
1232
1241
1192
1216
1208
1212
1186
1238
1194
1246
1192
1275
1201
1257
1195
1209
1246
1241
1195
1237
1229
1210
1204
1243
1348
1251
1207
1288
1255
1225
1260
1230
1197
1270
1213
1224
1377
1238
1241
1219
1257
1312
1229
1222
1301
1426
1275
1226
1682
1257
1244
1221
1229
1224
1363
1265
1290
1222
1261
1220
1436
1526
1241
1227
1299
1284
1330
1250
1283
1236
1292
1274
1326
3858
4115
4296
4191
4068
4087
4151
1330
1251
1222
1402
1221
1218
1230
1226
1287
1159
1166
1142
1156
3991
3843
3912
3647
2862
1451
1871
2890
6075
1320
1273
1401
2178
1163
1146
2132
1163
1131
2284
2271
2022
1242
1111
1130
1185
1216
1144
1211
2214
1173
1202
2396
1364
2954
2942
1683
1545
1159
1260
1221
1548
1311
1141
2136
1263
1391
1161
2005
1208
1228
1407
1959
1320
2335
1206
1285
2009
1530
1150
2609
1615
2392
2011
1441
1236
1171
2594
2040
2865
1307
1507
1312
2917
1589
1429
1201
1413
1233
1301
1937
2488
2787
1591
1229
2037
3137
1483
1214
1398
1926
1211
1457
1423
1300
1303
1434
1351
1249
1582
1395
2156
1412
1413
1580
1644
1234
1361
1604
1239
1395
1261
1249
1219
1217
1217
1227
1752
1907
1555
1614
1212
1230
1208
1982
1426
1214
1208
1593
1227
1233
1225
1232
1284
1977
1246
1684
1820
1211
1272
1212
1278
1407
1604
1627
1241
1553
1439
1243
1222
1821
1780
1624
1226
1548
1279
1419
1279
1421
1229
1451
1728
1229
1219
1631
1331
1349
1684
1317
1515
1465
1265
1283
1235
1279
1331
1216
1223
1477
1304
1264
1229
1266
1228
2702
1401
1305
1294
1387
1479
1421
1572
1534
1406
2936
1549
1302
1265
1241
1269
1248
1557
1436
1309
1320
2317
1636
1252
1218
1258
1208
1219
1307
1484
1353
1376
1497
1305
1719
1560
1466
1213
1925
1220
1325
1266
1253
1241
1288
1252
1446
1283
1291
1233
1255
1273
1413
1370
1627
1251
1270
1262
1243
1265
1288
1258
1312
1258
2263
1343
1380
1355
1238
1277
1553
1861
1275
1610
1303
1315
1485
1514
1494
1431
1377
1265
1508
1267
1270
1694
2085
1485
1608
1705
1515
1272
1292
1590
1257
1322
1323
1304
1638
1322
1485
1285
1277
1641
1305
1279
1274
1302
1896
1333
1551
1645
1287
1633
1266
1240
1253
1547
1454
1287
1516
1692
1675
1261
1661
1266
1813
1608
1715
1539
1490
1687
1278
1276
1460
1278
1711
1271
1958
1318
1538
1724
1697
1319
1265
1495
1478
1304
1406
1263
1489
1530
1259
1570
1431
1847
1272
1296
1271
1751
1697
1843
1624
1326
1290
1366
1287
1452
1295
1478
1428
1541
1267
1274
1502
1292
1285
1292
1505
1631
1419
1293
1296
1398
1270
1446
1753
1293
1491
1538
1456
1492
2192
1985
1388
1287
1283
1288
1287
1284
1287
1502
1841
1372
1283
1270
1435
1588
1395
1294
1411
1295
1272
1517
1295
1550
1287
1275
1324
1562
1450
1329
1487
1342
1649
1389
1309
1671
1308
1389
1289
1384
1657
1463
2056
1511
1309
1294
1297
1286
1294
1552
1283
1305
1488
1350
1293
1322
1330
1352
1329
1333
1342
1530
1325
1333
1556
1390
1530
2085
1345
1339
1308
1533
1359
1718
2300
1767
1366
1326
1358
1806
1348
1314
1796
1551
2428
2643
2215
2140
1359
1396
1332
1721
1611
1409
1410
1450
2077
1375
1329
1535
2334
1359
1571
1799
1401
1788
1353
1359
1336
1349
1348
1319
1584
1655
1382
1382
1991
1348
1355
1670
1986
1453
1993
1953
2117
1686
1381
1342
1446
1308
1413
1318
1605
1358
1429
1830
1523
1330
1513
1322
2107
1466
1282
1712
1263
1466
1444
1248
1558
1262
2030
1308
1976
1356
1661
1353
1491
1313
6696
1349
1312
1364
1247
1256
1491
1869
1606
1253
1165
1147
1110
1138
1129
1173
1172
1126
1137
1184
1172
1126
1169
1150
1177
1171
1183
1144
1277
1142
1139
1170
1146
1145
1184
1178
1190
1199
1139
1178
1177
1258
1261
1157
1128
1192
1180
1136
1206
1143
1214
1145
1201
1189
1235
1161
1198
1193
1215
1161
1194
1187
1184
1257
1157
1147
1162
1302
1332
1275
1188
1188
1251
1203
1163
1191
1151
1162
1172
1277
1201
1222
1281
1261
1173
1216
1315
1213
1172
1287
1247
1276
1249
1296
1400
1296
1213
1204
1144
1202
1157
1190
1255
1175
1276
1167
1150
1221
1164
1148
1216
1148
1148
1157
1157
1161
1150
1820
1288
1261
1142
1153
1141
1141
1171
1141
1132
1139
1216
1142
1333
1179
1135
1138
1149
1138
1194
1174
1149
1157
1143
1154
1375
1155
1167
3522
3926
3844
4156
3885
3960
3780
4670
4698
4527
4416
4110
4147
4084
2342
1870
1808
1609
1581
1668
1489
1468
1560
1312
1326
1245
1232
1203
1220
1212
1194
1189
1201
1201
1210
1189
1212
1217
1193
1271
1190
1209
1200
1194
1281
1498
1510
1390
1406
1486
1352
1375
1353
1378
1328
1239
1224
1265
1260
1353
1645
1324
1197
1197
1197
1273
1239
1270
1203
1196
1246
1325
1259
1260
1297
1232
1198
1288
1340
1302
1252
1212
1233
1296
1300
1260
1233
1206
1230
1216
1250
1287
1248
1310
1263
1293
1256
1232
1220
1232
1230
1218
1241
1331
1235
1289
1322
1258
1228
1221
1223
1248
1247
1220
1235
1288
1269
1231
1231
1314
1258
1233
1226
1238
1242
1289
1287
1229
1251
1275
1242
1353
1248
1226
1244
1227
1239
1224
1224
1239
1239
1227
1244
1264
1253
1255
1231
1211
1219
1208
1211
1211
1207
1214
1211
1286
1342
1229
1222
1205
1217
1205
1214
1204
1217
1214
1227
1205
1500
1434
1323
1238
1270
1253
1250
1299
1296
1273
1295
1270
1396
1494
1366
1291
1390
1294
1231
1218
1231
1272
1229
1216
1379
1253
1271
1229
1272
1214
1219
1219
1244
1218
1316
1504
1268
1262
1237
1225
1222
1241
1231
1235
1217
1238
1224
1237
1364
2204
4372
4382
4755
4640
4830
4866
4983
4811
5014
4881
4913
4331
2218
1943
1798
1629
1656
1548
1497
1443
1455
1296
1322
1283
1270
1376
1286
1231
1294
1229
1244
1245
1337
1257
1252
1235
1238
1236
1262
1238
1249
1265
1262
1243
1382
1244
1232
1252
1263
1238
1272
1240
1243
1257
2141
4460
4401
4409
4795
5100
4971
1267
1262
1386
1359
1305
1247
1261
1256
1261
1250
1263
1260
1250
1248
1347
1303
1285
1275
1257
1256
1264
1266
1271
1261
1316
1428
1578
1364
1316
1251
1250
1279
1251
1253
1262
1257
1253
1252
1386
1305
1282
1254
1249
1250
1296
1252
1266
1273
1255
1254
1680
1601
1529
1548
1355
1261
1271
1257
1255
1269
1268
1694
1349
1324
1280
1311
1314
1347
1313
1319
1349
1346
1535
1405
1306
1271
1273
1275
1263
1260
1272
1257
1273
1259
1349
1272
1283
1283
1296
1305
1258
1261
1211
1190
1305
1269
1273
1388
1434
1277
1466
1261
1334
1275
1401
1338
1314
1345
1293
1305
2884
1337
1341
1298
1325
1326
1348
1369
1627
1186
1211
1290
1207
1282
1204
1193
1248
1211
1201
1284
1290
1224
1269
1307
1320
1311
1253
1228
1273
1236
1269
1461
1249
1228
1351
1456
1517
1336
1229
1267
1278
1320
1315
1343
1237
1294
1327
1242
1290
1267
1322
1266
1305
1295
1401
1332
1308
1329
1269
1252
1324
1287
1318
1326
1283
1277
1263
1301
1308
1362
1263
1162
1201
1172
1136
1166
1128
1123
1124
1144
1170
1190
1540
1518
1408
1452
1489
1261
1151
1149
1177
1156
1259
1146
1858
1301
1210
1178
1137
1140
1149
1178
1138
1163
1166
1206
1494
1419
1382
1365
1226
1141
1165
1179
1196
1142
1151
1221
1257
1261
1226
1200
1190
1231
1266
1231
1262
1233
1321
1279
1287
1464
1423
1332
1271
1281
1315
1339
1269
1271
1297
1324
1280
1352
1371
1278
1316
1340
1315
1275
1341
1285
1277
1289
1384
1346
1183
1162
1147
1192
1159
1161
1145
1135
1225
1265
1227
1805
1351
1230
1164
1186
1159
1193
1165
1165
1164
1162
1177
1277
1165
1166
1234
1189
1244
1161
1160
1172
1178
1211
1162
1238
1170
1292
1241
1211
1246
1187
1164
1202
1170
1186
1211
1170
1170
1649
1228
1167
1435
1219
1285
1354
1290
1168
1168
1261
1352
1216
1204
1301
1179
1182
1262
1183
1168
1169
1190
1175
1341
1183
1231
1183
1185
1173
1181
1195
1230
1193
1279
1194
1180
1311
1204
1177
1200
1180
1180
1226
1251
1198
1225
1229
1189
1844
1282
1203
1180
1190
1195
1193
1227
1203
1202
1187
1490
1236
1189
1197
1206
1200
1188
1186
1199
1191
1194
1199
1202
1398
1213
1210
1192
1191
1193
1219
1208
1194
1193
1260
1208
1415
1398
1372
1244
1240
1201
1206
1196
1208
1197
1224
1208
1288
1289
1223
1208
1205
1208
1206
1291
1208
1211
1222
1245
1241
1359
1220
1214
1218
1222
1208
1212
1224
1236
1210
1221
1213
1339
1777
1490
1516
1380
1226
1227
1225
1214
1216
1219
1235
1478
1280
1233
1226
1231
1242
1218
1226
1231
1218
1220
1229
1322
1236
1238
1271
1581
1605
1443
1270
1255
1268
1636
1649
2067
1529
1294
1268
1567
1404
1305
1237
1250
1528
1269
1286
1364
1260
1232
1279
1263
1293
1289
1260
1280
1307
1269
1264
1343
1396
1333
1282
1279
1270
1277
1263
1278
1393
1276
1284
1301
1300
1285
1305
1283
1281
1285
1272
1475
1347
1296
1295
1286
1299
1293
1291
1274
1273
1302
1289
1297
1283
1291
1275
1288
1317
1289
1320
1299
1280
1292
1300
1343
1285
1287
1311
1287
1277
1307
1287
1278
1296
1297
1353
1532
1436
1324
1301
1283
1322
1296
1301
1303
1302
1528
1287
1287
1258
1252
1247
1262
1265
1374
1291
1288
1254
1411
1272
1251
1259
1248
1257
1248
1290
1248
1397
1296
1252
1826
1504
1324
1272
1269
1259
1273
1256
1279
1324
1276
1423
1415
1273
1289
1292
1269
1313
1292
1268
1324
1421
1279
1430
1276
1273
1286
1272
1273
1286
1279
1271
1285
1277
1277
1629
4077
4839
5381
5355
2278
2019
1622
1671
1611
1447
1561
1436
1618
1345
1348
1274
1312
1303
1231
1272
1230
1274
2675
1284
1304
1240
1246
1243
1238
1262
6178
1438
1379
1308
1403
1410
1701
2419
2161
1431
1361
1360
1355
1346
2955
1746
1889
1468
1406
1347
2614
1379
1356
2515
1464
1318
1308
1806
1399
1339
1363
1337
1310
1409
1490
1368
2320
1435
1359
1337
2454
1346
1349
1709
1842
1350
1341
1307
1633
2408
1399
1294
2360
1484
2030
1361
1316
1410
1717
1394
1341
2587
2699
1369
2736
1349
1350
1365
1343
1337
1527
1357
1361
2707
1375
1385
1568
2425
2485
1468
1337
1375
1349
1337
1330
1324
1514
1405
1362
1385
1667
1460
1381
1411
1354
1346
1325
1349
1792
1346
1842
1838
1627
1366
1342
1341
1330
1369
1401
1798
1889
1643
1735
1655
1412
1691
1357
1372
1358
1331
1654
1999
1421
1350
1356
1363
1453
1380
1343
1678
1556
1418
1647
1336
1445
1360
1772
1358
1352
1345
1653
2172
2177
1606
1862
1414
1417
1815
1489
1496
1389
1700
1945
1455
1734
1381
1414
1512
1625
1614
1620
1441
1432
1393
1433
1420
1409
1398
1953
1751
1455
1458
1502
1510
1445
1414
1410
1411
1516
2273
1766
1810
1580
1800
1406
1409
1497
1777
1450
1660
1430
1428
1398
1893
1451
1842
1420
1394
2236
1421
1422
1409
1418
1548
1734
1828
1381
2546
1447
1379
1845
1368
1550
1414
1687
1390
1629
1916
1965
2429
1659
1486
1524
1401
1409
1544
2088
1504
1382
1406
1410
1475
1473
1392
1428
1556
1457
1700
1336
1272
1285
1287
1429
1321
1674
1327
1295
1276
1275
1289
1276
1308
1288
1277
1319
1424
1387
1299
1279
1318
1298
1266
1268
1280
2306
4716
4957
4880
4693
4889
3936
1289
1284
1274
1710
1359
1335
1274
1275
1311
1273
1277
1289
1284
1274
1345
1298
1278
1424
1295
1293
1289
1301
1278
1311
1279
1599
1359
1302
1288
1299
1318
1295
1280
1296
1282
1296
1480
1298
1281
1295
1293
1327
1306
1977
2949
3077
2957
2987
2975
2978
3163
3082
3033
2463
2061
2013
1854
1770
1681
1546
1539
1514
1364
1403
1365
1642
1386
1338
1310
1289
1301
1339
1288
1309
1332
1316
1560
1321
1298
1304
1303
1305
1294
1296
1294
1308
1294
1306
1397
1318
1311
1294
1308
1333
1298
1311
1310
1302
1345
1457
1342
1327
1310
1372
1336
1337
1421
1336
1348
1391
1384
1567
1367
1346
1316
1337
1342
1517
1431
1364
1322
1317
1846
1521
1408
1345
1337
1316
1314
1329
1335
1315
1337
2107
1697
2240
3441
3437
3585
3488
3531
3447
3458
3681
1809
1665
1580
1774
1717
1525
1384
1532
1584
1514
1820
1914
1634
1429
1380
1349
1339
1518
1432
1383
1381
1430
1350
1376
1368
1365
1435
1411
1601
1489
1412
1367
1484
1545
1457
1392
1417
1360
1373
1514
1430
1385
1384
1402
1418
1408
1384
1389
1377
1387
1570
1416
1406
1375
1446
1385
1415
1383
1399
1745
1387
1313
1299
1296
1327
1337
1302
1315
1312
1300
1344
1322
1314
1310
1314
1360
1364
1444
1474
1630
1529
1782
1728
1646
1411
1349
1331
1357
1363
1325
1336
1379
1366
1348
1324
1355
1421
1331
1359
1318
1330
1328
1311
1443
1316
1313
1322
1336
1309
1326
1311
1319
1335
1313
1319
1976
1566
1376
1316
1314
1359
1328
1331
1378
1332
1497
1366
1338
1339
1330
1346
1344
1331
1341
1428
1366
1361
1379
1337
1331
1339
1372
1345
1346
1375
1357
1434
1345
1420
1364
1340
1324
1337
1322
1340
1338
1322
1342
1403
1434
1391
1327
1329
1296
1305
1313
1317
1302
1458
1530
1454
1344
1356
1304
1309
1315
1302
1298
1341
1305
1301
1937
1448
1349
1337
1325
1306
1322
1304
1309
1304
1307
1441
1349
1419
1338
1327
1324
1305
1320
1332
1308
1322
1492
1325
1346
1341
1328
1416
1326
1327
1310
1312
1334
1423
1339
1334
1315
1340
1340
1321
1355
1327
1344
1315
1448
1334
1340
1326
1315
1430
1354
1320
1332
1328
1313
1369
1401
1327
1332
1330
1509
1403
1367
1339
1323
1338
1453
1332
1369
1347
1316
1343
1327
1393
1335
1333
1391
2828
2825
2912
2776
2545
1863
1664
1431
1385
1334
1326
1342
1330
1340
1348
1406
1465
1377
1337
1346
1334
1346
1342
1390
1349
1336
1422
1441
1375
1390
1383
1368
1347
1400
1362
1357
1369
1467
374
300
381
1667
1515
1384
1366
1344
1819
2163
2426
1443
1385
1359
1391
1390
1403
1361
1363
1956
1533
1388
1419
1395
1376
1381
2394
1414
1622
1592
1478
1416
1379
1405
1713
1562
1674
1395
2027
1531
1798
1631
1727
1416
3961
1451
1847
2012
2304
1575
1519
1408
1397
1387
1386
2764
1644
1509
1471
1457
1468
2439
1517
1450
1493
1458
1458
1433
1502
1951
3361
1543
1470
1473
1471
1491
1442
1427
1446
1489
1465
1467
1436
1486
1559
1530
1493
1530
1500
1479
1444
1676
1535
1504
1898
2101
1636
1510
1461
1500
1455
1441
1447
1543
1643
1759
1504
1471
1472
1600
1515
1481
1449
1600
1562
1460
1495
1824
1469
1474
1499
1459
1423
1411
1521
1411
1430
1433
1432
1690
1662
1598
1900
1521
1839
1896
2185
1667
1513
1427
1461
1437
1451
2002
2028
1534
