5
5
5
4
12
2
3
3
7
39
38
2
1
3
5
5
5
39
3
5
5
5
40
5
5
5
17
40
8
5
12
34
3
4
3
5
12
14
35
5
2
3
6
19
29
2
1
1
31
33
46
32
33
34
33
33
1
3
4
1
1
3
3
3
6
38
35
2
1
1
22
8
17
15
5
27
5
18
9
16
24
5
27
5
5
4
27
5
18
24
28
1
4
1
7
2
1
6
4
27
5
18
18
6
27
2
1
5
1
14
6
51
4
1
2
3
32
14
14
13
6
29
5
2
3
32
2
16
13
6
28
2
10
13
4
30
13
47
32
26
9
5
5
5
3
5
5
8
27
11
4
3
1
1
34
4
7
1
7
14
58
4
6
5
13
1
3
6
1
2
4
44
3
44
3
7
6
6
6
6
6
6
5
5
12
1
7
6
6
1
11
6
3
1
3
6
3
12
6
15
8
4
3
32
4
11
12
38
8
8
20
28
39
4
7
23
31
7
6
28
21
36
76
7
27
22
27
43
12
12
28
34
4
4
3
3
3
7
7
7
9
1
32
18
27
8
29
6
5
16
8
11
15
13
5
13
5
19
14
19
39
14
16
8
15
7
10
9
17
13
6
14
24
37
7
8
12
10
18
8
10
8
5
9
23
13
41
8
6
12
10
19
6
10
7
4
17
15
13
41
18
10
7
8
13
9
11
10
12
5
9
23
38
7
11
6
8
9
10
13
11
13
5
11
23
34
7
8
4
7
15
10
14
7
14
20
16
18
42
9
6
7
7
8
13
13
10
10
6
13
21
67
10
16
14
12
10
8
11
14
5
14
18
17
49
8
15
11
11
13
12
6
10
13
6
20
19
32
10
7
8
4
9
11
13
12
10
5
17
17
41
12
24
9
8
6
13
5
16
11
11
15
19
41
7
12
6
8
10
10
13
10
12
5
11
23
34
7
12
6
8
9
20
13
10
13
5
12
23
34
11
16
12
14
13
6
10
9
13
12
11
20
48
7
12
6
8
9
10
13
10
13
5
12
23
34
8
8
6
4
15
14
14
3
16
6
16
18
42
6
8
6
10
9
15
13
7
13
3
22
16
40
6
8
6
10
9
15
12
6
13
3
22
16
40
9
13
12
11
11
13
9
12
6
8
18
15
42
10
7
8
4
9
11
13
12
10
5
17
17
41
1
1
1
1
1
1
1
1
2
1
1
1
1
14
15
10
9
6
10
18
13
6
8
16
20
46
8
8
6
4
15
14
14
3
16
7
16
18
42
12
13
8
12
18
11
6
11
9
8
21
26
41
2
1
1
1
1
1
1
2
1
1
1
1
1
1
1
1
2
1
2
5
1
1
1
1
1
1
12
7
3
11
6
17
10
11
7
10
17
16
40
3
1
4
6
5
4
2
26
4
11
13
7
26
12
7
6
40
4
14
13
16
7
23
5
10
21
41
3
3
6
4
5
2
26
4
11
13
6
25
23
7
6
9
4
14
13
15
7
16
11
10
20
40
3
13
36
16
27
11
21
6
6
14
7
11
18
10
5
14
2
20
12
19
40
45
31
47
29
42
58
50
47
73
67
42
29
35
33
56
49
41
76
63
65
41
31
36
32
56
47
42
75
72
64
40
33
36
52
45
48
43
62
81
114
41
30
40
28
55
46
52
68
61
78
44
29
38
31
56
46
52
67
62
79
34
36
43
46
55
38
53
55
66
69
35
35
26
37
66
38
54
56
67
69
34
28
27
34
46
51
48
45
91
61
1
1
1
1
1
1
1
1
1
3
1
1
1
1
1
1
1
1
1
1
42
47
60
36
52
44
60
93
93
95
34
36
26
35
56
40
43
61
69
64
45
32
37
56
50
53
54
79
81
97
1
1
1
1
1
1
1
1
1
1
33
40
44
34
41
51
45
49
67
67
44
30
34
50
49
59
47
54
58
77
35
41
29
35
51
40
48
54
76
68
34
41
29
35
52
40
48
54
64
68
36
36
27
34
56
39
42
61
69
64
42
45
31
33
35
54
39
52
67
67
37
31
32
36
55
60
45
48
73
90
41
31
31
33
45
56
39
52
77
68
42
31
31
33
36
56
39
52
67
67
45
34
36
48
50
45
52
80
72
93
34
40
33
34
40
51
45
49
67
67
49
32
36
46
56
45
53
71
63
92
41
35
36
49
51
89
58
70
70
86
41
34
29
36
43
52
47
54
68
63
36
37
27
36
50
39
52
57
68
105
42
32
31
33
36
55
39
52
67
67
5
6
5
16
19
4
11
13
6
27
13
8
6
10
4
14
13
16
7
16
11
10
20
41
33
35
26
37
53
38
54
55
67
69
5
9
46
33
30
6
7
8
12
10
18
8
10
8
5
16
17
14
41
40
31
35
33
56
47
42
76
61
75
11
4
16
19
4
11
13
39
5
7
6
9
4
13
13
15
6
17
11
10
20
41
33
35
26
38
54
38
54
56
67
69
1
2
4
1
4
13
6
4
44
3
24
8
9
11
7
3
11
6
18
11
11
8
11
16
15
39
33
27
27
34
47
51
49
45
80
60
7
4
3
7
2
26
2
13
11
40
7
6
8
7
4
16
12
26
9
13
13
10
19
43
33
37
28
33
60
45
49
60
65
64
4
4
6
5
3
2
30
2
13
13
36
8
5
8
4
9
15
11
17
5
22
8
7
20
40
35
36
37
38
51
40
50
56
69
62
95
81
135
105
100
97
126
145
123
102
160
239
199
174
191
171
91
78
147
102
98
106
123
141
120
99
144
233
198
172
177
166
84
101
134
101
91
99
135
157
130
105
146
230
232
165
153
192
83
103
132
115
86
103
132
158
120
104
159
233
231
157
167
185
113
106
88
85
108
97
133
138
117
120
136
186
170
197
183
203
105
86
146
88
88
106
123
167
161
107
137
205
227
197
169
174
93
86
157
87
88
108
122
158
105
116
145
216
238
176
181
176
78
81
107
117
113
103
127
130
103
87
123
136
251
211
175
202
97
79
131
98
100
89
120
163
117
103
128
233
207
189
165
177
99
72
143
111
95
91
151
144
125
114
145
226
202
177
174
164
71
89
104
128
100
110
133
135
112
87
126
144
236
218
174
191
103
79
133
102
98
95
123
141
131
100
146
233
196
183
176
164
96
87
158
88
88
108
124
157
106
118
149
208
229
184
182
182
96
79
134
102
112
98
125
143
123
100
147
249
219
174
179
168
76
83
104
127
102
102
139
131
100
80
119
129
225
209
178
187
93
73
164
95
101
99
117
138
117
107
127
162
254
176
166
173
76
82
97
137
85
88
263
140
104
82
120
130
252
199
174
194
102
128
100
95
80
90
133
167
134
108
141
261
190
187
154
174
90
122
116
81
89
92
130
158
128
97
159
268
210
170
143
174
69
88
89
142
81
97
137
138
104
85
119
138
235
204
171
185
96
133
99
88
81
87
142
153
133
121
200
171
210
169
251
188
73
82
120
127
100
89
131
130
100
80
132
129
226
200
194
190
174
125
102
162
100
90
131
131
101
80
121
129
226
201
191
190
110
97
108
82
135
95
118
140
101
108
150
198
163
203
182
210
75
84
104
128
126
93
150
203
102
81
122
132
248
218
179
191
176
149
242
186
187
184
214
266
118
108
127
161
258
179
163
184
92
82
135
98
87
103
135
132
99
106
123
155
263
200
153
180
99
82
135
98
87
91
135
131
110
107
124
155
251
199
165
178
92
96
122
82
108
98
115
140
94
93
148
160
227
200
192
230
72
92
93
150
98
98
138
142
106
87
121
141
257
215
179
194
2
4
1
1
1
1
1
3
2
1
2
3
7
7
13
12
7
8
5
3
11
9
7
8
12
17
22
6
2
15
11
31
9
13
12
22
44
34
41
46
31
22
33
28
33
49
7
7
23
23
69
8
10
86
5
70
120
70
19
31
25
39
39
33
46
55
189
82
333
55
181
59
75
84
149
147
138
94
129
16
101
254
142
14
188
125
131
143
276
3
323
74
240
42
19
15
14
6
62
77
74
148
110
76
68
88
80
78
72
96
72
82
388
86
228
451
36
672
219
289
214
254
364
39
285
434
550
312
402
408
652
705
452
229
161
300
851
496
39
319
356
17
319
319
412
89
67
221
344
404
428
343
350
69
160
317
11
273
335
73
176
157
369
390
337
357
142
146
25
299
373
57
56
361
106
396
405
490
408
291
1209
86
460
333
384
469
156
98
127
54
72
2
66
87
35
39
77
768
386
420
105
653
94
603
591
418
380
241
683
434
629
376
473
751
416
862
364
735
83
250
79
467
356
106
40
40
339
621
230
206
286
144
173
90
742
85
187
234
635
103
122
106
91
81
89
138
176
156
102
232
160
217
182
140
182
92
77
128
97
96
98
113
137
116
95
125
159
270
180
169
202
149
94
103
79
74
96
139
198
189
116
265
174
228
165
151
167
5
1
1
1
1
1
1
2
2
1
2
2
7
7
12
12
7
8
4
3
11
9
6
7
26
16
21
6
2
14
11
29
9
12
11
20
42
32
39
44
30
21
32
26
31
46
6
6
33
23
65
8
9
81
4
64
130
66
19
29
24
37
36
31
43
52
169
77
331
51
158
68
78
78
126
132
131
90
122
15
98
242
133
13
179
118
127
136
253
3
499
72
221
40
18
14
30
6
60
74
72
128
103
61
62
81
76
82
68
89
68
76
225
75
97
229
18
345
118
145
94
127
169
19
148
236
273
153
224
200
345
366
232
146
138
263
688
450
35
288
320
5
298
288
360
81
61
202
339
361
453
317
290
62
161
296
10
239
305
67
162
134
334
500
329
354
129
135
23
269
338
54
41
337
98
328
374
435
340
254
1121
80
428
300
368
444
145
91
118
50
55
2
63
73
33
38
74
707
360
383
95
610
93
613
599
429
361
239
833
453
467
389
457
747
411
848
351
745
67
249
79
479
340
106
40
40
339
633
229
206
286
67
173
90
703
84
194
235
630
2
1
1
1
1
1
1
3
3
1
3
3
7
7
13
12
7
8
5
3
11
10
7
8
12
16
22
6
2
14
11
30
9
12
12
21
43
33
40
45
31
22
43
27
32
48
7
7
23
23
67
7
9
86
5
70
123
71
20
31
25
39
39
33
60
53
184
80
325
52
164
56
71
80
129
135
145
93
127
16
100
269
167
15
195
129
135
158
308
3
326
75
267
42
19
15
14
6
62
78
74
133
122
66
65
86
78
76
70
93
70
80
249
77
103
241
28
365
110
149
97
145
180
20
156
231
300
161
220
212
362
372
222
163
144
285
724
456
36
329
349
6
298
314
380
95
64
214
346
380
427
339
307
66
156
321
11
262
334
71
171
142
354
428
316
344
185
123
23
274
332
53
41
335
97
327
373
447
340
252
1125
79
426
298
371
433
144
91
118
50
55
1
63
72
43
38
74
710
360
383
94
631
92
633
572
433
361
240
821
538
462
388
469
749
414
823
352
751
67
248
79
479
351
106
40
41
340
635
227
205
287
68
173
89
702
84
197
236
631
82
112
116
140
100
110
159
143
133
92
136
154
243
251
187
194
9
3
4
5
2
26
2
13
15
38
5
7
8
6
5
19
10
17
7
14
12
10
18
43
34
35
26
33
50
47
50
54
66
66
97
76
127
102
94
85
121
143
137
99
150
230
186
197
174
153
3
2
1
29
405
243
439
565
176
241
377
217
160
909
7
329
2734
409
81
401
472
240
33
230
131
363
511
105
1071
294
241
107
536
1054
893
87
502
7
430
718
462
640
297
872
201
34
263
398
1316
79
128
723
783
131
1071
1395
461
473
327
424
394
207
166
62
28
111
88
87
241
334
404
219
506
1236
431
1183
1222
820
527
451
363
401
255
477
542
568
405
233
317
459
986
157
244
306
527
735
815
434
933
849
666
693
325
902
56
81
509
747
269
175
87
196
277
66
8
221
417
444
338
384
679
356
115
641
126
71
281
173
3122
564
19
153
45
175
378
156
102
290
145
201
359
402
272
357
528
522
782
864
828
541
1051
1140
1058
859
707
167
1215
313
886
1025
1316
286
261
824
903
265
1065
388
763
714
487
629
523
525
471
576
1026
10
476
524
297
325
735
788
740
671
674
745
697
764
1196
199
414
430
640
427
267
256
362
230
809
428
388
174
93
213
272
14
275
756
75
699
202
738
713
609
292
403
315
472
497
482
825
162
972
840
863
811
662
86
387
453
799
72
398
235
703
165
136
405
1047
1523
303
344
430
440
334
417
871
11
373
419
14
401
1459
389
333
229
1040
4
872
839
720
1153
704
147
398
405
259
526
206
652
641
269
74
15
363
386
88
67
189
349
495
441
304
187
281
585
28
256
253
289
207
440
652
562
1224
293
489
329
1220
261
582
302
444
304
76
421
270
220
464
177
90
64
68
768
456
118
510
88
355
37
361
170
115
115
102
166
272
265
127
267
167
393
196
110
514
229
178
156
1139
454
2142
25
79
208
564
250
120
320
6160
182
677
510
349
121
529
143
22
84
284
75
342
179
488
946
975
1199
782
726
880
826
1062
750
865
247
952
429
1512
1452
125
135
118
135
29
204
316
108
215
83
362
954
195
112
397
241
195
221
177
47
117
4
448
57
62
193
103
972
102
103
106
184
140
1114
89
114
2
672
199
23
181
218
215
284
354
195
265
168
190
507
259
288
134
334
343
395
1072
135
132
73
489
153
214
1281
567
955
244
257
343
555
200
277
290
35
564
786
635
339
433
275
864
59
1038
253
24
31
759
20
210
6
114
90
113
128
755
1020
874
101
84
513
1118
1219
1285
1112
353
352
269
367
173
1222
1170
434
759
440
585
682
326
10
119
811
127
950
297
65
1142
1257
1263
1402
1228
1172
1200
260
348
492
267
466
730
1158
653
423
507
108
292
272
1033
303
421
423
898
1066
1102
1208
550
739
104
731
302
1404
939
224
55
1265
1249
264
190
582
958
1423
265
1346
772
410
753
466
952
998
897
391
624
270
53
1504
432
1137
479
482
1293
1790
805
989
1167
541
185
806
875
1159
803
167
487
517
479
59
220
40
67
76
183
586
222
267
489
460
72
630
813
930
859
1374
1103
1237
463
328
418
480
1824
755
428
1215
1691
763
781
522
552
578
771
1097
1246
1435
1131
1108
1028
1079
1431
1357
1713
564
559
308
272
415
279
321
138
867
749
240
466
237
209
440
611
189
121
260
531
336
117
114
105
89
1025
312
1262
855
1426
666
503
398
997
1019
1034
782
438
62
674
5
1475
701
215
995
1020
1533
1514
621
863
1625
897
933
413
558
1751
949
518
137
702
780
604
592
1113
619
1263
1100
98
268
327
1338
339
275
258
829
702
17170
1489
1273
554
429
1669
835
343
128
214
227
235
293
383
534
1022
17
982
108
1249
124
213
1028
967
347
372
425
556
121
1133
599
456
201
223
586
416
34
78
142
624
302
516
62
468
100
7
80
192
124
91
289
258
276
295
232
530
163
187
345
1248
259
1017
659
445
300
1273
379
1219
69
574
399
383
651
419
312
585
653
653
480
348
176
463
603
491
46
298
118
118
144
180
1342
266
983
154
707
84
1117
83
446
120
873
220
1161
89
1431
7
251
679
730
1910
1730
855
1172
1784
1282
1188
1357
2086
1169
1121
1078
1128
1095
537
1337
721
797
473
543
519
1497
1291
836
1081
1088
699
171
109
1275
277
121
327
841
1157
1140
1097
1205
2356
1016
92
1016
1259
488
1140
1860
903
930
2206
2152
316
876
138
403
479
1344
1478
756
828
732
1979
317
168
343
330
413
790
391
547
464
2609
737
365
389
301
276
212
472
271
8
408
179
179
304
248
169
57
336
299
1494
663
899
504
112
173
338
1372
573
547
249
965
1625
1052
712
482
1056
1789
2112
1567
813
482
211
174
221
40
1434
1189
823
816
1002
994
631
798
534
349
1250
670
1650
1123
1163
1142
1753
777
555
600
584
142
161
215
219
175
173
214
190
178
125
480
413
224
405
1357
854
49
322
156
253
626
290
977
701
1027
348
35
1735
443
495
693
244
1679
2000
1800
1670
1415
1810
1278
907
735
847
802
649
701
880
458
410
333
108
250
94
1931
508
286
251
261
330
276
169
319
550
405
915
559
566
677
271
595
86
1330
1243
903
576
1273
1395
939
771
1035
822
859
2305
1335
912
487
968
2103
2327
449
1863
121
1444
1934
1768
2071
1531
1549
1492
1544
569
631
565
192
778
711
618
429
342
114
209
24
239
429
142
884
845
444
291
132
969
552
461
386
316
435
283
355
164
127
1783
412
1413
141
719
516
504
39
357
192
479
962
305
209
98
524
116
623
719
1944
1638
1410
352
1887
197
400
580
173
300
413
786
1710
1841
1185
456
1424
1364
162
1633
1307
874
1570
1876
1204
421
1464
1021
1690
608
1056
80
1456
1678
654
607
2649
2709
2690
2657
1917
1676
216
2006
2928
339
751
1534
128
366
2210
1057
763
2253
2067
1994
2070
3197
2847
541
605
1589
892
1482
2288
1494
478
258
1696
40
1120
1945
311
270
487
152
324
1383
848
672
753
535
497
716
940
676
475
925
589
591
594
500
1034
3091
506
1827
2367
424
868
763
888
1373
1002
1848
650
189
279
337
491
1927
700
585
667
677
600
573
1854
494
471
1322
872
1674
374
330
1113
12
755
1474
583
311
830
483
442
803
226
539
1224
1037
887
882
1560
1002
925
1338
960
1299
886
450
347
37073
360
236
1584
70
1725
1586
879
797
1375
1454
321
1028
1944
847
937
1349
716
423
431
415
355
1210
1380
1827
892
1037
2455
2413
1481
296
1187
199
806
505
545
575
1674
307
1231
940
1000
1242
2442
196
823
794
835
542
655
684
1727
936
932
65
683
1132
485
1865
2084
2077
1631
1436
1825
236
2006
541
135
321
881
1250
150
1602
957
1374
1214
1141
2145
937
793
590
768
201
817
2398
2427
2323
2249
1027
1907
1518
2004
391
438
538
434
552
603
549
114
307
590
2678
819
986
767
77
718
1578
1711
1709
574
261
514
34
298
374
482
468
770
391
1090
663
874
949
1071
558
311
1393
714
1699
1695
455
965
434
995
390
827
1111
2053
973
766
904
152
838
1101
1891
1928
1043
693
612
575
606
632
885
1174
1633
2375
929
360
2259
334
176
240
557
3463
635
408
504
1064
722
348
77
292
1034
40
520
1002
579
689
313
326
260
197
186
1673
1691
1077
744
830
941
611
413
510
1515
1610
929
816
843
1335
414
28
1607
1125
7
294
915
2680
24
1691
828
395
274
1266
1769
708
811
1138
2823
132
120
674
377
155
1179
412
1445
2175
2016
1233
713
18
871
1636
524
653
666
1095
539
740
639
104
695
185
2119
311
299
1462
1827
159
275
1089
299
1171
2728
2818
1262
1783
1921
2792
2716
490
611
364
147
1411
1874
429
1542
332
466
131
1587
1871
569
292
439
748
1667
1531
1892
278
131
582
309
66
240
1476
205
1153
1273
1240
1392
1368
1721
1583
1060
1481
1633
1753
1336
1420
711
1067
327
227
834
697
1234
860
197
1473
1561
329
1319
1029
1081
1157
828
1017
864
915
752
853
885
640
662
1083
881
1342
972
945
347
379
981
183
667
680
633
886
598
587
726
635
710
571
618
931
569
637
255
201
757
587
2108
340
871
1550
368
108
25
2
110
141
154
133
162
91
115
707
368
252
403
526
113
95
90
77
98
80
81
258
720
985
346
65
389
406
54
236
140
491
1333
110
1161
425
2118
863
216
719
653
368
274
700
831
390
526
256
428
232
749
601
818
2314
1049
814
613
743
1047
1208
851
1215
1277
1331
1785
1657
816
1983
1899
2481
1767
1558
1025
1598
870
52
1143
238
1740
877
823
664
748
1379
1183
643
939
131
169
727
391
1311
655
818
420
134
118
134
165
140
199
544
12
212
179
1656
1581
1264
1473
1606
411
497
482
189
606
1300
1256
1255
1348
894
1963
2041
312
2129
653
177
69
186
206
236
439
318
581
325
332
720
278
321
534
713
735
371
820
1202
1200
508
1149
1337
154
1296
1240
746
717
727
1051
1195
1504
235
595
317
1162
1112
1057
1025
1229
906
1095
1120
1108
1264
1166
1285
1173
1332
1212
950
941
829
895
817
789
968
1018
1004
956
1277
1115
1584
145
427
882
66
690
740
688
701
923
1201
1205
751
676
78
721
1023
106
439
600
806
19
861
839
827
319
279
287
895
204
1318
608
523
206
1028
895
91
460
926
451
120
432
457
439
225
139
134
419
329
244
502
176
76
122
679
429
479
539
84
547
372
148
201
1019
121
479
746
383
25
56
722
213
882
623
108
211
243
186
176
628
314
291
87
369
469
278
205
230
434
826
546
549
389
563
296
50
590
110
662
221
138
649
276
6
181
418
31
197
191
298
167
506
553
129
112
646
1173
287
1455
959
677
1412
525
989
840
86
457
719
671
790
588
352
366
398
1750
575
64
803
2194
1963
126
1119
1469
296
597
811
825
1331
1429
673
1208
1203
1570
1026
1471
179
862
250
292
452
1509
530
323
450
68
436
287
179
1004
1633
1448
1666
1243
1184
1189
1087
1214
1197
1631
1439
1512
1665
1518
1527
1573
118
268
727
597
386
344
500
445
396
498
929
253
217
954
523
360
632
1454
1458
395
730
1109
356
418
764
958
145
36
84
779
587
861
537
763
763
780
284
344
1025
1528
1730
2001
1699
1986
1142
1064
1516
376
552
66
421
375
197
173
110
1035
1029
1218
2075
1531
1575
1355
1557
1625
1711
1391
1408
1303
155
505
238
858
671
1332
1026
844
285
946
718
292
1873
1474
1279
1265
1195
197
666
709
1008
986
681
1274
1198
1573
1091
1118
549
676
1932
1503
1477
708
646
1165
1594
349
414
876
270
660
1005
1682
1167
654
578
273
1281
401
880
473
329
1500
724
717
544
541
754
878
792
1625
1063
1315
918
1523
1932
679
460
432
1930
187
794
1323
1112
1163
770
557
343
603
933
1187
235
495
430
222
591
605
853
708
627
680
559
386
667
1144
501
399
321
528
243
534
307
485
222
302
276
80
230
224
237
248
232
189
241
343
100
17
310
373
157
459
217
614
506
585
90
283
147
202
545
95
140
107
208
682
1522
363
43
177
310
350
389
1573
321
912
206
130
1228
1271
527
122
737
661
1210
361
374
736
1173
232
1093
199
54
490
29
92
332
1083
1022
1366
1238
1417
123
1576
116
169
559
438
696
929
698
1345
658
639
1299
1205
1332
1289
523
101
1088
525
550
577
998
553
856
832
931
1146
1135
1374
1447
796
516
115
669
238
678
361
318
562
916
776
432
744
556
724
1012
1017
1615
939
572
711
819
1185
765
576
1350
207
1556
863
730
724
535
680
1281
1235
997
518
698
1527
1636
805
715
576
533
176
236
394
370
376
273
156
381
428
878
11
1157
179
128
764
643
354
269
302
287
786
66328
660
1031
158
394
323
133
586
108
77
462
619
113
236
125
72
242
542
876
591
457
1595
52
317
437
460
415
242
201
168
694
612
966
1031
591
232
478
358
801
350
131
60
219
175
336
310
397
936
635
737
697
189
685
482
643
427
332
828
798
813
885
727
824
806
808
1107
1010
802
839
973
318
292
250
200
269
533
547
325
518
766
259
319
349
409
326
344
972
1196
235
168
173
148
176
137
247
369
901
703
343
344
490
288
308
427
1068
1068
1097
579
416
613
611
234
319
239
292
228
339
436
928
905
1058
758
220
574
488
41
1014
1131
1364
1472
871
585
1314
888
953
1211
1290
859
1524
1075
352
1044
720
8
1100
1201
50
1761
644
621
849
714
762
723
544
516
170
963
787
371
227
230
235
791
729
449
577
548
1028
1050
473
357
318
289
689
614
963
817
724
771
509
574
785
562
377
429
171
968
265
366
602
580
530
615
273
262
173
274
210
242
399
277
187
481
208
114
178
524
384
259
186
54
407
244
407
7
138
250
192
132
88
41
223
223
524
348
575
452
248
204
338
414
295
357
368
104
235
265
308
816
16
690
661
373
349
358
227
251
342
539
354
298
208
521
273
77
601
229
533
57
93
749
4
507
258
681
671
633
572
90
503
514
73
72
25
42
70
42
40
62
65
52
29
184
167
112
546
704
642
456
610
572
367
92
508
78
512
267
305
556
549
447
205
193
161
179
396
399
426
54
97
204
175
579
527
122
200
102
116
130
337
158
203
55
265
316
83
283
304
389
360
338
61
58
280
349
374
15
247
92
373
49
132
344
94
168
120
114
257
317
25
596
438
76
54
350
410
97
77
261
38
200
175
11
206
160
318
171
212
206
182
7
284
128
146
634
48
168
237
62
251
209
292
105
360
67
161
313
172
510
12
285
100
2
232
111
41
40
286
227
270
40
451
467
449
277
57
38
7
105
516
275
90
41
45
133
85
9
80
41
379
99
75
42
40
60
24
21
45
34
30
122
46
110
599
145
32
48
163
142
369
209
596
619
227
201
590
370
281
348
356
569
420
506
449
528
662
406
316
425
228
420
502
397
363
280
285
317
293
323
499
460
546
469
483
423
464
448
323
175
270
293
231
123
166
60
113
173
146
144
37
271
309
265
402
343
315
415
394
354
474
408
457
302
353
342
445
403
338
386
305
322
320
416
336
168
385
429
450
305
278
343
230
213
303
309
302
272
184
284
330
357
330
308
266
169
250
159
216
200
258
261
395
363
255
613
491
423
278
293
203
350
374
230
272
162
175
208
206
199
189
216
189
248
228
161
160
205
239
186
189
157
188
168
150
124
190
109
109
120
131
184
255
129
147
176
152
177
118
139
176
192
174
157
197
148
182
113
133
160
112
99
112
118
126
116
220
144
108
91
104
187
197
125
118
127
116
185
168
193
157
142
154
332
143
130
123
122
145
108
118
148
167
154
130
184
155
163
111
116
98
133
119
183
190
173
8
108
186
192
170
169
134
131
164
164
120
108
133
233
105
125
181
164
230
230
294
236
152
139
149
126
243
283
195
304
323
346
227
308
166
252
353
204
172
169
172
158
159
170
155
241
191
3
83
47
267
71
402
452
409
191
191
167
199
178
158
235
211
224
213
188
303
308
201
189
274
233
156
158
230
217
211
134
117
127
109
190
173
100
110
118
92
91
85
109
124
114
136
137
118
212
222
235
230
249
259
212
180
114
109
89
103
77
75
76
84
86
70
93
77
119
133
111
77
71
97
107
64
74
99
92
137
75
81
97
59
94
92
69
113
149
77
113
180
73
50
39
112
90
70
74
66
89
84
87
108
207
140
100
82
82
70
69
93
91
91
92
98
151
142
139
86
123
101
126
136
136
147
98
70
107
101
85
85
85
77
138
137
86
92
98
93
101
76
81
119
94
77
56
92
101
129
128
125
132
146
119
133
80
115
155
165
144
146
150
152
133
122
117
93
79
95
85
134
202
130
143
245
176
172
170
119
126
103
125
107
112
88
62
18
24
36
16
45
26
29
31
33
26
28
56
65
64
78
8
7
5
28
26
15
21
60
31
8
34
33
66
6
3
34
42
84
24
3
29
41
40
32
34
52
60
36
39
28
36
36
65
20
70
69
25
52
87
129
144
77
70
135
102
98
170
103
96
149
218
105
117
105
93
135
124
176
137
177
141
141
78
89
150
77
91
114
108
115
164
142
138
153
168
186
201
187
179
160
162
120
150
129
138
150
140
102
120
284
175
215
167
200
180
153
156
136
222
177
154
151
162
245
203
141
169
143
101
103
143
107
102
107
134
117
164
185
175
220
174
313
186
172
159
166
215
411
180
778
187
208
276
296
263
184
138
131
200
174
208
168
141
160
261
209
227
136
165
211
269
153
101
179
175
122
174
108
93
92
81
73
89
91
102
89
113
125
149
183
150
169
227
211
140
102
117
100
89
70
73
87
86
85
